3 0.086328125 0.8993055555555556 0.02734375 0.020833333333333332
5 0.86796875 0.7013888888888888 0.09609375 0.13055555555555556
4 0.48671875 0.375 0.04375 0.1125
5 0.545703125 0.39375 0.034375 0.07361111111111111
4 0.445703125 0.34375 0.0453125 0.10138888888888889
4 0.788671875 0.3680555555555556 0.06171875 0.09583333333333334
4 0.70625 0.26319444444444445 0.03828125 0.06944444444444445
4 0.656640625 0.23194444444444445 0.04296875 0.08194444444444444
5 0.869921875 0.4736111111111111 0.06796875 0.09722222222222222
5 0.6625 0.4305555555555556 0.04296875 0.07361111111111111
5 0.729296875 0.30416666666666664 0.034375 0.058333333333333334
5 0.653515625 0.3 0.02890625 0.0375
4 0.48203125 0.22777777777777777 0.02265625 0.05
4 0.45078125 0.22708333333333333 0.0203125 0.044444444444444446
5 0.43671875 0.20069444444444445 0.0125 0.019444444444444445
5 0.408984375 0.1798611111111111 0.0125 0.016666666666666666
5 0.591796875 0.2638888888888889 0.021875 0.034722222222222224
4 0.623046875 0.2013888888888889 0.028125 0.044444444444444446
4 0.978515625 0.6854166666666667 0.04296875 0.16944444444444445
5 0.97890625 0.6847222222222222 0.0421875 0.16944444444444445
4 0.545546875 0.19686111111111113 0.03117187500000007 0.0503611111111111