3 0.5036458333333333 0.9699074074074074 0.020833333333333332 0.05462962962962963
3 0.5630208333333333 0.3287037037037037 0.03854166666666667 0.03148148148148148
4 0.28932291666666665 0.4064814814814815 0.10052083333333334 0.17777777777777778
4 0.5533854166666666 0.25092592592592594 0.0328125 0.07777777777777778
4 0.4265625 0.27314814814814814 0.0375 0.07685185185185185
5 0.6041666666666666 0.1787037037037037 0.013541666666666667 0.020370370370370372
4 0.7856770833333333 0.26296296296296295 0.044270833333333336 0.07592592592592592
4 0.7760416666666666 0.3296296296296296 0.05625 0.0962962962962963
2 0.3265625 0.9546296296296296 0.04479166666666667 0.08703703703703704
5 0.6 0.16018518518518518 0.011458333333333333 0.017592592592592594
3 0.07118229166666666 0.9452777777777778 0.029713541666666673 0.08143518518518522
3 0.21077083333333332 0.7240925925925926 0.017953125000000014 0.059425925925925986
3 0.2782395833333334 0.6151481481481481 0.014234374999999962 0.044018518518518485
3 0.317546875 0.5573703703703704 0.011140625000000052 0.04291666666666658
3 0.356234375 0.49300000000000005 0.008046875000000024 0.03300925925925934
3 0.385671875 0.44392592592592595 0.008208333333333328 0.02919444444444442
3 0.4136875 0.3949814814814815 0.008208333333333328 0.02919444444444442
3 0.429140625 0.3679351851851852 0.006281249999999972 0.028333333333333353
3 0.442421875 0.3481851851851852 0.006760416666666676 0.024898148148148135
3 0.46703125 0.30683333333333335 0.005531249999999943 0.019083333333333345
3 0.48069270833333333 0.2871666666666667 0.005531249999999943 0.01792592592592594
3 0.4881770833333333 0.273287037037037 0.004880208333333276 0.01792592592592594
3 0.49663541666666666 0.25969444444444445 0.004880208333333276 0.013879629629629638
3 0.503953125 0.2530462962962963 0.004557291666666667 0.014462962962962967
3 0.508875 0.24408333333333335 0.004302083333333329 0.013768518518518522
3 0.5117447916666666 0.23617592592592593 0.004302083333333329 0.01325925925925928
3 0.5161927083333333 0.2305648148148148 0.004015625000000019 0.010203703703703687
3 0.518921875 0.22265740740740741 0.0031562499999999716 0.009694444444444469
3 0.5229374999999999 0.21628703703703703 0.0031562499999999716 0.00815740740740741
3 0.5250520833333333 0.2094351851851852 0.0027708333333333 0.007879629629629622
3 0.527265625 0.20287037037037037 0.0027708333333333 0.005250000000000015
3 0.527453125 0.19630555555555554 0.003140624999999986 0.005250000000000015
3 0.5266197916666667 0.1915462962962963 0.0025833333333333524 0.0049259259259259195
3 0.5301302083333334 0.18875 0.0036927083333332905 0.007222222222222233
3 0.5328958333333332 0.18284259259259258 0.002583333333333293 0.007222222222222233
3 0.3384635416666667 0.31497222222222226 0.004802083333333347 0.014768518518518561
3 0.34409375 0.31119444444444444 0.0020312500000000473 0.015101851851851802
3 0.34686458333333337 0.30857407407407406 0.0027708333333333 0.011814814814814806
3 0.35083333333333333 0.30577777777777776 0.0029531250000000378 0.01346296296296293
4 0.9679062500000001 0.3345462962962963 0.06418749999999988 0.04545370370370373
5 0.5755520833333333 0.15441666666666667 0.008906249999999952 0.013574074074074098
4 0.5804843749999999 0.14366666666666666 0.013682291666666657 0.020361111111111118
4 0.5192239583333333 0.13264814814814813 0.013947916666666652 0.013101851851851832
5 0.5144427083333334 0.15284259259259259 0.007968749999999976 0.012398148148148136
3 0.5730208333333333 0.19481481481481483 0.013151041666666667 0.012749999999999984
3 0.5630572916666666 0.1732037037037037 0.008765624999999963 0.009212962962962952
3 0.5519999999999999 0.15975 0.005776041666666743 0.007796296296296311