0 0.4440104166666667 0.6189814814814815 0.15416666666666667 0.14907407407407408
0 0.4315104166666667 0.8736111111111111 0.23958333333333334 0.25277777777777777
0 0.4015625 0.2833333333333333 0.06458333333333334 0.05740740740740741
1 0.8497395833333333 0.23333333333333334 0.058333333333333334 0.11666666666666667
1 0.8773177083333333 0.12883333333333333 0.02418229166666658 0.056231481481481486
0 0.52421875 0.2125 0.0421875 0.03888888888888889
1 0.7589479166666667 0.13106481481481483 0.020119791666666723 0.034675925925925916
0 0.6828125 0.15092592592592594 0.022916666666666665 0.022222222222222223
1 0.8031770833333333 0.12021296296296298 0.02017187500000001 0.037361111111111116
1 0.886171875 0.0965462962962963 0.011494791666666752 0.02634259259259258
