1 0.21510416666666668 0.37546296296296294 0.15 0.1527777777777778
1 0.69296875 0.4074074074074074 0.14427083333333332 0.26296296296296295
1 0.56484375 0.24259259259259258 0.08177083333333333 0.1111111111111111
1 0.8885416666666667 0.10416666666666667 0.017708333333333333 0.03611111111111111
0 0.7567708333333333 0.12546296296296297 0.016666666666666666 0.023148148148148147
0 0.7213541666666666 0.14166666666666666 0.01875 0.024074074074074074
0 0.8627604166666667 0.11990740740740741 0.0140625 0.019444444444444445
0 0.6807291666666667 0.14722222222222223 0.023958333333333335 0.027777777777777776
0 0.7401041666666667 0.16111111111111112 0.025 0.03518518518518519
0 0.8744791666666667 0.0962962962962963 0.009375 0.014814814814814815
0 0.7950520833333333 0.10416666666666667 0.0078125 0.010185185185185186
0 0.8026041666666667 0.10787037037037037 0.009375 0.013888888888888888
0 0.81953125 0.11898148148148148 0.0109375 0.01574074074074074
1 0.83984375 0.10185185185185185 0.011979166666666667 0.024074074074074074
0 0.81171875 0.11018518518518519 0.008854166666666666 0.014814814814814815
