3 0.7903645833333334 0.3773148148148148 0.0171875 0.013888888888888888
5 0.64140625 0.5689814814814815 0.12291666666666666 0.16111111111111112
4 0.86484375 0.2023148148148148 0.04739583333333333 0.10185185185185185
4 0.8796875 0.12222222222222222 0.025 0.05277777777777778
5 0.7059895833333333 0.14212962962962963 0.019791666666666666 0.022222222222222223
5 0.5825520833333333 0.18935185185185185 0.034375 0.030555555555555555
4 0.8125 0.11435185185185186 0.023958333333333335 0.03888888888888889
4 0.7721354166666666 0.12407407407407407 0.019270833333333334 0.03333333333333333
5 0.509375 0.23564814814814813 0.04739583333333333 0.04537037037037037
5 0.6268229166666667 0.41712962962962963 0.08645833333333333 0.09259259259259259
4 0.8861979166666667 0.09259259259259259 0.013541666666666667 0.025925925925925925
5 0.6276562499999999 0.41712962962962963 0.08645833333333333 0.09259259259259259