1 0.790625 0.32037037037037036 0.09479166666666666 0.1824074074074074
0 0.34427083333333336 0.28935185185185186 0.06927083333333334 0.05648148148148148
0 0.029166666666666667 0.4638888888888889 0.058333333333333334 0.09444444444444444
1 0.8736979166666666 0.14074074074074075 0.0328125 0.06481481481481481
1 0.7270833333333333 0.14212962962962963 0.027604166666666666 0.044444444444444446
1 0.7833333333333333 0.1300925925925926 0.025 0.04259259259259259
0 0.6236979166666666 0.17592592592592593 0.0296875 0.028703703703703703
1 0.8877604166666667 0.09583333333333334 0.013541666666666667 0.028703703703703703
0 0.815625 0.11666666666666667 0.013020833333333334 0.019444444444444445
0 0.7984375 0.10925925925925926 0.010416666666666666 0.014814814814814815
0 0.87109375 0.1050925925925926 0.008854166666666666 0.013888888888888888
0 0.8223958333333333 0.09305555555555556 0.009895833333333333 0.013888888888888888
