3 0.08515625 0.9 0.0296875 0.022222222222222223
5 0.765625 0.7902777777777777 0.090625 0.1375
5 0.730859375 0.41597222222222224 0.05 0.06805555555555555
4 0.429296875 0.3861111111111111 0.04375 0.10277777777777777
4 0.499609375 0.3784722222222222 0.04765625 0.12083333333333333
5 0.8265625 0.4395833333333333 0.05390625 0.07361111111111111
5 0.71484375 0.2902777777777778 0.03125 0.05
5 0.55703125 0.3729166666666667 0.03125 0.05
5 0.650390625 0.3958333333333333 0.0359375 0.05277777777777778
5 0.691015625 0.34305555555555556 0.03359375 0.04861111111111111
5 0.62265625 0.31666666666666665 0.0296875 0.041666666666666664
5 0.49296875 0.2569444444444444 0.01875 0.027777777777777776
4 0.40078125 0.175 0.01796875 0.034722222222222224
4 0.665625 0.23333333333333334 0.025 0.04583333333333333
5 0.61171875 0.24861111111111112 0.021875 0.027777777777777776
5 0.74375 0.33125 0.034375 0.05
5 0.50234375 0.28541666666666665 0.0203125 0.0375
5 0.4921875 0.22291666666666668 0.01484375 0.020833333333333332
5 0.446484375 0.20069444444444445 0.01328125 0.018055555555555554
5 0.685546875 0.25555555555555554 0.0234375 0.03611111111111111
5 0.63203125 0.21388888888888888 0.0171875 0.030555555555555555
5 0.440625 0.1909722222222222 0.01015625 0.018055555555555554