3 0.50390625 0.9699074074074074 0.0203125 0.05462962962962963
3 0.5627604166666667 0.3277777777777778 0.0359375 0.03333333333333333
4 0.4747395833333333 0.2300925925925926 0.03697916666666667 0.0787037037037037
5 0.6791666666666667 0.3861111111111111 0.040625 0.05555555555555555
4 0.8109375 0.3476851851851852 0.0875 0.15092592592592594
4 0.5528645833333333 0.25092592592592594 0.03177083333333333 0.07407407407407407
2 0.4588541666666667 0.7194444444444444 0.022916666666666665 0.12037037037037036
5 0.6486979166666667 0.2111111111111111 0.018229166666666668 0.027777777777777776
4 0.6450520833333333 0.1587962962962963 0.016145833333333335 0.030555555555555555
3 0.07395833333333333 0.95 0.0375 0.09444444444444444
3 0.21171875 0.7273148148148149 0.021354166666666667 0.06018518518518518
3 0.27786458333333336 0.6226851851851852 0.0203125 0.05277777777777778
3 0.3182291666666667 0.5560185185185185 0.014583333333333334 0.05092592592592592
3 0.3572916666666667 0.4935185185185185 0.0125 0.04259259259259259
3 0.3859375 0.44166666666666665 0.0125 0.03888888888888889
3 0.41328125 0.39444444444444443 0.0140625 0.03333333333333333
3 0.42942708333333335 0.3685185185185185 0.009895833333333333 0.03518518518518519
3 0.4427083333333333 0.34814814814814815 0.009375 0.03148148148148148
3 0.4669270833333333 0.30694444444444446 0.0078125 0.025
3 0.48072916666666665 0.2861111111111111 0.00625 0.022222222222222223
3 0.48828125 0.2740740740740741 0.005729166666666666 0.018518518518518517
3 0.496875 0.26064814814814813 0.00625 0.021296296296296296
3 0.33828125 0.3162037037037037 0.005729166666666666 0.025
3 0.34739583333333335 0.3074074074074074 0.011458333333333333 0.024074074074074074
5 0.5207291666666667 0.16028703703703706 0.009203125000000038 0.011759259259259249