1 0.3104166666666667 0.38055555555555554 0.09427083333333333 0.17222222222222222
1 0.79234375 0.34797222222222224 0.05999999999999991 0.09572222222222222
1 0.43203125 0.26435185185185184 0.03697916666666667 0.075
1 0.5533854166666666 0.2513888888888889 0.0328125 0.07777777777777778
0 0.60546875 0.18101851851851852 0.014583333333333334 0.021296296296296296
0 0.60234375 0.16157407407407406 0.011979166666666667 0.017592592592592594
0 0.5765625 0.15416666666666667 0.011458333333333333 0.019444444444444445
1 0.022135416666666668 0.7583333333333333 0.044270833333333336 0.44907407407407407
1 0.5973958333333333 0.12916666666666668 0.022916666666666665 0.05185185185185185
1 0.7901041666666667 0.26895370370370375 0.04479166666666667 0.0705
