1 0.756640625 0.47152777777777777 0.0390625 0.07916666666666666
0 0.67890625 0.5506944444444445 0.0296875 0.04583333333333333
1 0.57890625 0.45208333333333334 0.040625 0.07777777777777778
1 0.706640625 0.43472222222222223 0.02578125 0.059722222222222225
0 0.622265625 0.45 0.01953125 0.029166666666666667
1 0.696875 0.3909722222222222 0.0171875 0.030555555555555555
0 0.634375 0.4048611111111111 0.01171875 0.018055555555555554
0 0.692578125 0.4152777777777778 0.0125 0.020833333333333332
1 0.587109375 0.40069444444444446 0.02421875 0.05277777777777778
0 0.673046875 0.3972222222222222 0.01171875 0.016666666666666666
