3 0.5033854166666667 0.9699074074074074 0.0203125 0.05277777777777778
3 0.5627604166666667 0.3282407407407407 0.03802083333333333 0.032407407407407406
4 0.15833333333333333 0.5578703703703703 0.13489583333333333 0.23333333333333334
2 0.3731770833333333 0.9074074074074074 0.034895833333333334 0.15833333333333333
4 0.7286458333333333 0.21851851851851853 0.030208333333333334 0.05462962962962963
4 0.6895833333333333 0.22175925925925927 0.0265625 0.053703703703703705
4 0.553125 0.2513888888888889 0.03229166666666667 0.07592592592592592
4 0.5205729166666667 0.15555555555555556 0.013020833333333334 0.030555555555555555
4 0.5815104166666667 0.15462962962962962 0.0140625 0.025
3 0.07416666666666667 0.9483333333333334 0.03166666666666667 0.10333333333333325
3 0.211875 0.7319814814814815 0.02791666666666668 0.0632222222222222
3 0.27749999999999997 0.6165925925925926 0.02000000000000005 0.0598611111111112
3 0.3179166666666667 0.5552870370370371 0.019166666666666644 0.05799074074074084
3 0.35552083333333334 0.49509259259259264 0.01729166666666669 0.04500925925925922
3 0.38354166666666667 0.44230555555555556 0.021249999999999977 0.04684259259259262
3 0.4139583333333333 0.39749074074074076 0.015416666666666618 0.03867592592592591
3 0.42875 0.37174074074074076 0.01583333333333338 0.04274999999999996
3 0.441859375 0.3474537037037037 0.008874999999999982 0.03191666666666669
3 0.455890625 0.32987037037037037 0.013270833333333343 0.035824074074074126
3 0.46645833333333336 0.30860185185185185 0.009046874999999944 0.021842592592592622
3 0.47926562500000003 0.28605555555555556 0.011833333333333347 0.02484259259259263
3 0.48780208333333336 0.2778703703703704 0.010312499999999976 0.02198148148148149
3 0.49697395833333335 0.26366666666666666 0.007520833333333362 0.01912037037037035
3 0.5029322916666666 0.25351851851851853 0.00845312500000001 0.021370370370370408
3 0.33831770833333336 0.31762037037037033 0.007692708333333324 0.02454629629629629