3 0.2609375 0.6909722222222222 0.021875 0.020833333333333332
4 0.57265625 0.46111111111111114 0.04375 0.08333333333333333
5 0.676171875 0.5298611111111111 0.02734375 0.041666666666666664
4 0.751171875 0.4618055555555556 0.03515625 0.07777777777777778
4 0.705078125 0.42916666666666664 0.02421875 0.05555555555555555
5 0.63359375 0.4083333333333333 0.0125 0.018055555555555554
5 0.618359375 0.46111111111111114 0.02109375 0.03194444444444444
5 0.671484375 0.39375 0.0109375 0.018055555555555554
5 0.689453125 0.41180555555555554 0.01328125 0.019444444444444445
4 0.5828125 0.4041666666666667 0.025 0.05555555555555555
4 0.69609375 0.3909722222222222 0.01640625 0.02638888888888889