3 0.7864583333333334 0.8592592592592593 0.0125 0.04259259259259259
3 0.7307291666666667 0.8462962962962963 0.0125 0.02962962962962963
4 0.6846354166666667 0.41759259259259257 0.07135416666666666 0.11481481481481481
5 0.4557291666666667 0.4981481481481482 0.04895833333333333 0.053703703703703705
5 0.5434895833333333 0.4703703703703704 0.044270833333333336 0.053703703703703705
4 0.4244791666666667 0.7032407407407407 0.14479166666666668 0.19537037037037036
5 0.7489583333333333 0.3287037037037037 0.01875 0.024074074074074074
5 0.578125 0.7527777777777778 0.09375 0.12777777777777777
5 0.7135416666666666 0.7564814814814815 0.078125 0.13333333333333333
4 0.64375 0.399537037037037 0.06041666666666667 0.08981481481481482
5 0.7161458333333334 0.3106481481481482 0.016666666666666666 0.021296296296296296
5 0.7447916666666666 0.3111111111111111 0.015625 0.020370370370370372
2 0.7526041666666666 0.812037037037037 0.01875 0.0962962962962963
5 0.7994791666666666 0.30324074074074076 0.015625 0.030555555555555555
5 0.7684895833333333 0.29305555555555557 0.0140625 0.017592592592592594
5 0.6143229166666667 0.3837962962962963 0.0265625 0.03611111111111111
2 0.6768229166666667 0.7763888888888889 0.018229166666666668 0.09166666666666666
5 0.8252604166666667 0.2712962962962963 0.009895833333333333 0.014814814814814815
5 0.7825520833333334 0.28055555555555556 0.0109375 0.014814814814814815
5 0.15572916666666667 0.4513888888888889 0.042708333333333334 0.04722222222222222
5 0.8125 0.2675925925925926 0.010416666666666666 0.012962962962962963
5 0.5778645833333333 0.7523148148148148 0.09427083333333333 0.12685185185185185
5 0.09244791666666667 0.4930555555555556 0.05677083333333333 0.04351851851851852
5 0.82421875 0.24768518518518517 0.0078125 0.010185185185185186
4 0.8395833333333333 0.25092592592592594 0.0125 0.024074074074074074
5 0.76875 0.2759259259259259 0.0125 0.016666666666666666
5 0.8229166666666666 0.2587962962962963 0.008333333333333333 0.012037037037037037