1 0.47265625 0.6458333333333334 0.10859375 0.2125
0 0.560546875 0.6729166666666667 0.046875 0.08472222222222223
1 0.5359375 0.4597222222222222 0.0421875 0.09027777777777778
1 0.72421875 0.4097222222222222 0.02421875 0.05
0 0.676171875 0.4375 0.01640625 0.02638888888888889
1 0.6953125 0.3972222222222222 0.01875 0.034722222222222224
0 0.667578125 0.38472222222222224 0.0109375 0.015277777777777777
1 0.7546875 0.4791666666666667 0.0328125 0.0625
0 0.620703125 0.4597222222222222 0.01796875 0.02638888888888889
2 0.5994843750000001 0.386375 0.013968750000000085 0.02944444444444451
1 0.59715625 0.35877777777777775 0.012937499999999958 0.025763888888888864
1 0.68421875 0.3698194444444444 0.013195312500000079 0.0193194444444444
