3 0.7307291666666667 0.8467592592592592 0.0125 0.028703703703703703
3 0.78671875 0.8583333333333333 0.011979166666666667 0.04259259259259259
5 0.3140625 0.7768518518518519 0.10729166666666666 0.10555555555555556
5 0.32864583333333336 0.5833333333333334 0.0734375 0.07407407407407407
5 0.7135416666666666 0.7509259259259259 0.07864583333333333 0.12129629629629629
5 0.5721354166666667 0.5222222222222223 0.051041666666666666 0.05277777777777778
5 0.57890625 0.7523148148148148 0.09583333333333334 0.12685185185185185
5 0.48020833333333335 0.4842592592592593 0.04635416666666667 0.04814814814814815
5 0.7403645833333333 0.3402777777777778 0.018229166666666668 0.023148148148148147
4 0.6138020833333333 0.4060185185185185 0.04791666666666667 0.07592592592592592
2 0.753125 0.812962962962963 0.018229166666666668 0.09814814814814815
5 0.20572916666666666 0.4537037037037037 0.05 0.037037037037037035
4 0.8046875 0.2972222222222222 0.018229166666666668 0.03518518518518519
5 0.16484375 0.4550925925925926 0.04895833333333333 0.03888888888888889
5 0.7674479166666667 0.3421296296296296 0.01875 0.028703703703703703
5 0.6666666666666666 0.4136944444444445 0.03229166666666667 0.046296296296296294
4 0.8286458333333333 0.2657407407407407 0.018229166666666668 0.03611111111111111
5 0.66953125 0.34953703703703703 0.022395833333333334 0.027777777777777776
5 0.7440104166666667 0.2986111111111111 0.013020833333333334 0.013888888888888888
5 0.3203125 0.4 0.03333333333333333 0.030555555555555555
5 0.7518229166666667 0.30925925925925923 0.0140625 0.019444444444444445
5 0.6388020833333333 0.38842592592592595 0.024479166666666666 0.02962962962962963
5 0.7861979166666667 0.2796296296296296 0.010416666666666666 0.013888888888888888
5 0.7723958333333333 0.2759259259259259 0.008854166666666666 0.013888888888888888
5 0.79453125 0.2875 0.009375 0.01574074074074074
5 0.7171875 0.3189814814814815 0.017708333333333333 0.021296296296296296
2 0.6153645833333333 0.7481481481481481 0.019270833333333334 0.09722222222222222
2 0.703125 0.8009259259259259 0.019791666666666666 0.0824074074074074
5 0.80703125 0.2601851851851852 0.008854166666666666 0.012962962962962963