0 0.94296875 0.8506944444444444 0.1140625 0.16666666666666666
1 0.4265625 0.5597222222222222 0.08359375 0.2013888888888889
1 0.3953125 0.45069444444444445 0.07265625 0.14722222222222223
0 0.946484375 0.5993055555555555 0.08984375 0.11805555555555555
0 0.73046875 0.7006944444444444 0.08046875 0.12361111111111112
0 0.718359375 0.3923611111111111 0.040625 0.058333333333333334
0 0.496875 0.7048611111111112 0.07265625 0.17222222222222222
0 0.83828125 0.44166666666666665 0.06171875 0.09305555555555556
1 0.67265625 0.23194444444444445 0.03125 0.059722222222222225
1 0.726953125 0.30069444444444443 0.03828125 0.06666666666666667
0 0.62421875 0.3263888888888889 0.028125 0.03888888888888889
1 0.49765625 0.2548611111111111 0.025 0.058333333333333334
0 0.77265625 0.3548611111111111 0.0421875 0.06527777777777778
1 0.46171875 0.2548611111111111 0.02265625 0.05416666666666667
0 0.51640625 0.24791666666666667 0.02109375 0.03333333333333333
0 0.437890625 0.19166666666666668 0.01328125 0.018055555555555554
0 0.68984375 0.26180555555555557 0.0265625 0.044444444444444446
0 0.4578125 0.21597222222222223 0.01328125 0.022222222222222223
1 0.35078125 0.16180555555555556 0.01484375 0.025
0 0.476953125 0.22777777777777777 0.015625 0.027777777777777776
0 0.380859375 0.17569444444444443 0.0125 0.016666666666666666
0 0.370703125 0.16666666666666666 0.0109375 0.018055555555555554
1 0.6242265625 0.21618055555555557 0.04285937499999992 0.07929166666666665
