3 0.78671875 0.37777777777777777 0.019270833333333334 0.012962962962962963
5 0.5997395833333333 0.6342592592592593 0.14270833333333333 0.18333333333333332
5 0.5888020833333333 0.45925925925925926 0.09947916666666666 0.10277777777777777
4 0.8604166666666667 0.2111111111111111 0.051041666666666666 0.10555555555555556
4 0.8791666666666667 0.12407407407407407 0.025520833333333333 0.05277777777777778
5 0.7 0.14351851851851852 0.020833333333333332 0.023148148148148147
4 0.8119791666666667 0.11574074074074074 0.0265625 0.040740740740740744
5 0.4830729166666667 0.24768518518518517 0.0515625 0.04814814814814815
5 0.5671875 0.19490740740740742 0.036458333333333336 0.03425925925925926
5 0.7684895833333333 0.12731481481481483 0.018229166666666668 0.030555555555555555
5 0.7986979166666667 0.10185185185185185 0.011458333333333333 0.01574074074074074
4 0.8860781249999999 0.09259259259259259 0.012781249999999982 0.025