2 0.51484375 0.4111111111111111 0.14375 0.1962962962962963
0 0.5356770833333333 0.6375 0.09583333333333334 0.11203703703703703
0 0.0359375 0.46111111111111114 0.071875 0.07962962962962963
0 0.6364583333333333 0.41203703703703703 0.0546875 0.06574074074074074
0 0.7255208333333333 0.2564814814814815 0.0296875 0.03425925925925926
0 0.70859375 0.21157407407407408 0.025 0.02962962962962963
0 0.5770833333333333 0.21296296296296297 0.033854166666666664 0.03518518518518519
0 0.5549479166666667 0.1986111111111111 0.027083333333333334 0.02962962962962963
3 0.7575520833333333 0.20277777777777778 0.0125 0.024074074074074074
0 0.0049479166666666664 0.23148148148148148 0.009895833333333333 0.019444444444444445
