3 0.50390625 0.9703703703703703 0.0203125 0.05555555555555555
3 0.5630208333333333 0.32916666666666666 0.0375 0.032407407407407406
5 0.69921875 0.4935185185185185 0.053125 0.0787037037037037
4 0.5528645833333333 0.25092592592592594 0.03125 0.075
4 0.4901041666666667 0.18518518518518517 0.021875 0.04814814814814815
5 0.6203125 0.1736111111111111 0.013541666666666667 0.020370370370370372
4 0.6356770833333333 0.15648148148148147 0.015104166666666667 0.025925925925925925
4 0.5057291666666667 0.1675925925925926 0.0171875 0.03518518518518519
4 0.6622395833333333 0.18796296296296297 0.019270833333333334 0.03796296296296296
4 0.6625 0.18981481481481483 0.019270833333333334 0.03425925925925926
3 0.07604166666666666 0.9501666666666667 0.03125 0.09218518518518513
3 0.2096875 0.7280925925925926 0.025625000000000023 0.05914814814814825
3 0.27875 0.6182685185185185 0.024166666666666715 0.06541666666666675
3 0.3178125 0.5604722222222221 0.021041666666666715 0.05354629629629623
3 0.3563541666666667 0.4960277777777778 0.01895833333333338 0.04611111111111107
3 0.3862447916666667 0.44292592592592595 0.014265625000000053 0.03792592592592596
3 0.41402083333333334 0.3942037037037037 0.01076041666666671 0.041027777777777726
3 0.42953645833333337 0.36839814814814814 0.014765624999999952 0.039240740740740736
3 0.442671875 0.3481574074074074 0.009510416666666662 0.026333333333333382
3 0.455 0.3295740740740741 0.012885416666666672 0.031444444444444476
3 0.46669791666666666 0.30822222222222223 0.012510416666666658 0.024324074074074057
3 0.47939583333333335 0.28397222222222224 0.014140625000000047 0.02475925925925927
3 0.4872760416666667 0.27496296296296296 0.012385416666666652 0.02675925925925924
3 0.49684895833333337 0.2629444444444445 0.01026041666666669 0.02052777777777774
3 0.5037916666666666 0.25160185185185185 0.010385416666666696 0.02007407407407403
3 0.3366354166666667 0.3176759259259259 0.011385416666666615 0.023212962962963008