0 0.7020833333333333 0.5064814814814815 0.053125 0.08055555555555556
1 0.4427083333333333 0.2351851851851852 0.04010416666666667 0.08518518518518518
1 0.5528645833333333 0.24953703703703703 0.030208333333333334 0.075
0 0.6184895833333334 0.20092592592592592 0.015104166666666667 0.024074074074074074
0 0.6625 0.22916666666666666 0.021354166666666667 0.03148148148148148
1 0.48020833333333335 0.19953703703703704 0.025520833333333333 0.053703703703703705
1 0.5028645833333333 0.1787037037037037 0.015625 0.03148148148148148
1 0.6251041666666667 0.15916666666666668 0.012093749999999896 0.02631481481481483
1 0.6106197916666667 0.14940740740740743 0.011864583333333437 0.021814814814814818
1 0.5512708333333334 0.13854629629629628 0.014864583333333315 0.016629629629629612
0 0.5829583333333334 0.1510277777777778 0.00880208333333338 0.011842592592592611
1 0.498046875 0.14324074074074072 0.010281250000000004 0.017768518518518517
