3 0.625 0.5907407407407408 0.03229166666666667 0.016666666666666666
4 0.78828125 0.28194444444444444 0.08802083333333334 0.1685185185185185
4 0.43203125 0.2759259259259259 0.090625 0.10925925925925926
4 0.64453125 0.2037037037037037 0.059895833333333336 0.08333333333333333
4 0.88828125 0.10138888888888889 0.016145833333333335 0.03425925925925926
5 0.7627604166666667 0.14953703703703702 0.021354166666666667 0.027777777777777776
5 0.7716145833333333 0.12083333333333333 0.015104166666666667 0.020370370370370372
5 0.7447916666666666 0.13287037037037036 0.016666666666666666 0.022222222222222223
5 0.865625 0.11527777777777778 0.013020833333333334 0.019444444444444445
5 0.7096354166666666 0.13657407407407407 0.021875 0.024074074074074074
4 0.8421875 0.09953703703703703 0.011458333333333333 0.026851851851851852
5 0.8744791666666667 0.09398148148148149 0.008854166666666666 0.01574074074074074
5 0.8057291666666667 0.10462962962962963 0.0125 0.01574074074074074