1 0.26328125 0.4148148148148148 0.1359375 0.2324074074074074
1 0.8572916666666667 0.33240740740740743 0.06614583333333333 0.10648148148148148
1 0.40911458333333334 0.2814814814814815 0.04895833333333333 0.09814814814814815
1 0.465625 0.2212962962962963 0.027604166666666666 0.05462962962962963
1 0.5533854166666666 0.25092592592592594 0.03229166666666667 0.07777777777777778
0 0.6197916666666666 0.20694444444444443 0.0171875 0.027777777777777776
0 0.6177083333333333 0.1712962962962963 0.013020833333333334 0.021296296296296296
0 0.5888020833333333 0.1648148148148148 0.0109375 0.016666666666666666
1 0.9861979166666667 0.6615740740740741 0.027604166666666666 0.23981481481481481
1 0.5114583333333333 0.14722222222222223 0.0125 0.026851851851851852
1 0.5308177083333333 0.13305555555555554 0.012937499999999958 0.017462962962962975
1 0.5929947916666667 0.14701851851851852 0.015859374999999905 0.023370370370370378
