1 0.21692708333333333 0.3768518518518518 0.15364583333333334 0.1527777777777778
1 0.565625 0.24259259259259258 0.0828125 0.1111111111111111
1 0.6966145833333334 0.39675925925925926 0.14427083333333332 0.2611111111111111
1 0.8885416666666667 0.1037037037037037 0.017708333333333333 0.037037037037037035
0 0.8630208333333333 0.11898148148148148 0.013541666666666667 0.020370370370370372
0 0.75703125 0.12638888888888888 0.016145833333333335 0.024074074074074074
0 0.7223958333333333 0.1425925925925926 0.019270833333333334 0.024074074074074074
0 0.7401041666666667 0.16203703703703703 0.024479166666666666 0.03333333333333333
0 0.8744791666666667 0.0962962962962963 0.009375 0.016666666666666666
0 0.68046875 0.1476851851851852 0.0234375 0.025925925925925925
0 0.7986979166666667 0.10555555555555556 0.015625 0.014814814814814815
0 0.80078125 0.10787037037037037 0.013541666666666667 0.014814814814814815
1 0.83984375 0.10138888888888889 0.011979166666666667 0.025
