3 0.26171875 0.6909722222222222 0.021875 0.020833333333333332
4 0.53125 0.5347222222222222 0.0671875 0.12638888888888888
5 0.59765625 0.5388888888888889 0.03359375 0.05277777777777778
4 0.558984375 0.43333333333333335 0.0328125 0.07083333333333333
5 0.675 0.46458333333333335 0.01953125 0.029166666666666667
4 0.73359375 0.42777777777777776 0.0265625 0.058333333333333334
4 0.699609375 0.40625 0.02109375 0.04583333333333333
5 0.62890625 0.4326388888888889 0.01328125 0.025
5 0.673828125 0.39375 0.01171875 0.016666666666666666
5 0.688671875 0.3840277777777778 0.009375 0.013888888888888888
4 0.602671875 0.37616666666666665 0.019664062500000058 0.048027777777777794
4 0.5895234375 0.3582638888888889 0.019429687499999914 0.034958333333333313