1 0.552734375 0.49375 0.0546875 0.10416666666666667
0 0.675 0.48819444444444443 0.021875 0.03333333333333333
1 0.570703125 0.41805555555555557 0.02890625 0.06388888888888888
0 0.61171875 0.49444444444444446 0.02109375 0.04027777777777778
1 0.74140625 0.4409722222222222 0.03125 0.06666666666666667
0 0.63125 0.4201388888888889 0.01328125 0.020833333333333332
0 0.6796875 0.4013888888888889 0.01171875 0.018055555555555554
1 0.701171875 0.4152777777777778 0.02265625 0.04861111111111111
0 0.667578125 0.3861111111111111 0.0109375 0.013888888888888888
1 0.694140625 0.3861111111111111 0.0171875 0.022222222222222223
2 0.602375 0.3688472222222222 0.014171875000000079 0.031097222222222203
1 0.5880468750000001 0.3554444444444444 0.012062500000000042 0.01715277777777777
1 0.6697031250000001 0.36211111111111116 0.010570312499999979 0.02524999999999997
