1 0.55234375 0.24953703703703703 0.0296875 0.07314814814814814
0 0.7067708333333333 0.30925925925925923 0.034375 0.05185185185185185
1 0.4703125 0.20555555555555555 0.03229166666666667 0.06851851851851852
0 0.63671875 0.24583333333333332 0.022395833333333334 0.03425925925925926
1 0.50859375 0.16805555555555557 0.0140625 0.026851851851851852
1 0.4947916666666667 0.18194444444444444 0.017708333333333333 0.04351851851851852
1 0.6361979166666667 0.16527777777777777 0.019270833333333334 0.03425925925925926
0 0.5973958333333333 0.15694444444444444 0.011458333333333333 0.01574074074074074
1 0.6192708333333333 0.15092592592592594 0.016666666666666666 0.025925925925925925
1 0.5578125 0.13703703703703704 0.014583333333333334 0.022222222222222223
