1 0.43828125 0.5256944444444445 0.0765625 0.18333333333333332
0 0.746875 0.76875 0.090625 0.14305555555555555
1 0.404296875 0.43333333333333335 0.06640625 0.1388888888888889
0 0.961328125 0.9291666666666667 0.07734375 0.14166666666666666
0 0.960546875 0.6361111111111111 0.07890625 0.125
0 0.726953125 0.4097222222222222 0.04609375 0.0625
0 0.85078125 0.4576388888888889 0.065625 0.09722222222222222
0 0.78046875 0.3645833333333333 0.04453125 0.06805555555555555
1 0.67578125 0.23472222222222222 0.03125 0.058333333333333334
1 0.73125 0.30416666666666664 0.04375 0.07222222222222222
0 0.6265625 0.3347222222222222 0.0265625 0.041666666666666664
0 0.508203125 0.6381944444444444 0.065625 0.1486111111111111
1 0.495703125 0.25069444444444444 0.02578125 0.058333333333333334
1 0.461328125 0.2534722222222222 0.021875 0.04722222222222222
0 0.60859375 0.25416666666666665 0.021875 0.027777777777777776
0 0.455859375 0.21319444444444444 0.0140625 0.020833333333333332
0 0.513671875 0.24305555555555555 0.02109375 0.03333333333333333
0 0.434765625 0.18958333333333333 0.0125 0.019444444444444445
1 0.348046875 0.16111111111111112 0.01328125 0.025
0 0.475 0.22708333333333333 0.01640625 0.027777777777777776
0 0.366015625 0.16597222222222222 0.01015625 0.016666666666666666
1 0.69296875 0.2652777777777778 0.0265625 0.04722222222222222
0 0.69296875 0.2659722222222222 0.0265625 0.04722222222222222
0 0.376953125 0.1736111111111111 0.0109375 0.016666666666666666
