3 0.50390625 0.9699074074074074 0.0203125 0.05648148148148148
3 0.5627604166666667 0.32731481481481484 0.03802083333333333 0.03425925925925926
4 0.7424479166666667 0.2777777777777778 0.04010416666666667 0.07222222222222222
4 0.553125 0.25046296296296294 0.03125 0.07685185185185185
5 0.6807291666666667 0.27175925925925926 0.028125 0.04351851851851852
4 0.6666666666666666 0.1736111111111111 0.021875 0.03611111111111111
4 0.5078125 0.1625 0.017708333333333333 0.03981481481481482
4 0.5705729166666667 0.14166666666666666 0.0140625 0.024074074074074074
3 0.071875 0.9449074074074074 0.034375 0.09537037037037037
3 0.21197916666666666 0.7268518518518519 0.025 0.07037037037037037
3 0.2791666666666667 0.6185185185185185 0.017708333333333333 0.053703703703703705
3 0.3190104166666667 0.5574074074074075 0.016145833333333335 0.046296296296296294
3 0.3572916666666667 0.4935185185185185 0.0125 0.037037037037037035
3 0.3859375 0.4444444444444444 0.0125 0.03518518518518519
3 0.41458333333333336 0.3939814814814815 0.0125 0.03611111111111111
3 0.3377604166666667 0.31527777777777777 0.0078125 0.021296296296296296
3 0.34713541666666664 0.30694444444444446 0.011979166666666667 0.021296296296296296
3 0.428125 0.36944444444444446 0.010416666666666666 0.02962962962962963
3 0.44192708333333336 0.34953703703703703 0.0078125 0.025
3 0.4666666666666667 0.30648148148148147 0.007291666666666667 0.027777777777777776
3 0.48072916666666665 0.2861111111111111 0.00625 0.025925925925925925
3 0.4890625 0.2763888888888889 0.007291666666666667 0.021296296296296296
3 0.49609375 0.262037037037037 0.0078125 0.018518518518518517
4 0.591265625 0.1421851851851852 0.019593749999999945 0.028416666666666663