3 0.8015625 0.8453703703703703 0.036458333333333336 0.020370370370370372
3 0.8328125 0.35462962962962963 0.015625 0.007407407407407408
3 0.83671875 0.4203703703703704 0.0140625 0.011111111111111112
5 0.4864583333333333 0.25277777777777777 0.028645833333333332 0.03796296296296296
5 0.6619791666666667 0.21064814814814814 0.0234375 0.041666666666666664
5 0.6390625 0.13240740740740742 0.013020833333333334 0.020370370370370372
4 0.7278645833333334 0.13240740740740742 0.027083333333333334 0.049074074074074076
3 0.7533020833333333 0.2042037037037037 0.017531249999999925 0.022962962962962973
3 0.7420000000000001 0.1943611111111111 0.012453124999999924 0.026240740740740717
5 0.683109375 0.0975462962962963 0.008781250000000067 0.015611111111111124
5 0.7009427083333333 0.09559259259259259 0.008229166666666761 0.017555555555555564
5 0.6872291666666667 0.10802777777777778 0.007682291666666666 0.012194444444444433