3 0.76796875 0.3962962962962963 0.018229166666666668 0.012962962962962963
5 0.28932291666666665 0.33240740740740743 0.08385416666666666 0.0712962962962963
5 0.146875 0.8944444444444445 0.29375 0.2111111111111111
5 0.46822916666666664 0.23564814814814813 0.04895833333333333 0.04351851851851852
4 0.8328125 0.2569444444444444 0.06770833333333333 0.13796296296296295
4 0.74765625 0.13333333333333333 0.022916666666666665 0.03888888888888889
4 0.8763020833333334 0.13240740740740742 0.0296875 0.06111111111111111
4 0.7966145833333333 0.12268518518518519 0.025 0.04259259259259259
5 0.6635416666666667 0.1587962962962963 0.025 0.024074074074074074
4 0.88671875 0.09675925925925925 0.014583333333333334 0.028703703703703703
5 0.8205729166666667 0.1125 0.0109375 0.020370370370370372