3 0.5036458333333333 0.9703703703703703 0.019791666666666666 0.053703703703703705
3 0.5622395833333333 0.32916666666666666 0.0390625 0.032407407407407406
4 0.5528645833333333 0.25046296296296294 0.030208333333333334 0.07407407407407407
5 0.7067708333333333 0.3106481481481482 0.034375 0.05185185185185185
4 0.4705729166666667 0.20601851851851852 0.03229166666666667 0.06851851851851852
5 0.63671875 0.24768518518518517 0.022395833333333334 0.03425925925925926
4 0.5088541666666667 0.16898148148148148 0.014583333333333334 0.026851851851851852
4 0.4947916666666667 0.18287037037037038 0.017708333333333333 0.04351851851851852
4 0.6361979166666667 0.16574074074074074 0.019270833333333334 0.03425925925925926
5 0.59765625 0.15787037037037038 0.011458333333333333 0.01574074074074074
4 0.6192708333333333 0.15138888888888888 0.016666666666666666 0.025
3 0.07416666666666667 0.9442407407407407 0.03333333333333333 0.09514814814814825
3 0.21166666666666664 0.7264259259259259 0.025 0.08026851851851857
3 0.27697916666666667 0.6214074074074074 0.031041666666666648 0.0680092592592593
3 0.3198958333333334 0.5602870370370371 0.01854166666666662 0.047990740740740674
3 0.35614583333333333 0.49324074074074076 0.022708333333333285 0.06352777777777774
3 0.38510416666666664 0.4437962962962963 0.02020833333333331 0.04980555555555552
3 0.41302083333333334 0.39137962962962963 0.017708333333333333 0.04497222222222227
3 0.42844791666666665 0.36474074074074075 0.013682291666666657 0.03940740740740746
3 0.4420572916666667 0.34421296296296294 0.012031249999999953 0.03648148148148146
3 0.45530208333333333 0.33091666666666664 0.014140625000000047 0.03300925925925924
3 0.4669270833333333 0.3076481481481481 0.007151041666666676 0.025203703703703728
3 0.48025520833333335 0.28785185185185186 0.007151041666666676 0.022018518518518493
3 0.489234375 0.27455555555555555 0.008046875000000024 0.024324074074074057
3 0.4963489583333333 0.2609722222222222 0.006828124999999948 0.021425925925925914
3 0.3383072916666666 0.3160277777777778 0.010161458333333328 0.02809259259259262