3 0.50390625 0.9708333333333333 0.0203125 0.05462962962962963
3 0.5631510416666666 0.32916666666666666 0.03802083333333333 0.032407407407407406
5 0.7682291666666666 0.4375 0.0546875 0.08148148148148149
5 0.6513020833333333 0.30694444444444446 0.029166666666666667 0.04259259259259259
4 0.5528645833333333 0.25046296296296294 0.03125 0.075
4 0.4796875 0.19583333333333333 0.0265625 0.05925925925925926
4 0.49973958333333335 0.17546296296296296 0.0171875 0.03981481481481482
5 0.6080729166666666 0.1648148148148148 0.0125 0.017592592592592594
4 0.5104166666666666 0.16342592592592592 0.011979166666666667 0.025
4 0.6276041666666666 0.1537037037037037 0.014583333333333334 0.024074074074074074
3 0.07447916666666667 0.9449814814814815 0.034375 0.09662962962962954
3 0.21281250000000002 0.7256851851851852 0.027708333333333356 0.07285185185185192
3 0.2803125 0.6193703703703703 0.02937500000000002 0.06023148148148144
3 0.3198958333333334 0.55825 0.02520833333333338 0.06391666666666664
3 0.35666666666666663 0.4899074074074074 0.02166666666666662 0.04944444444444448
3 0.3848958333333333 0.4432314814814815 0.013541666666666667 0.03610185185185186
3 0.41378125000000004 0.3947407407407407 0.015572916666666714 0.03765740740740737
3 0.42923958333333334 0.3693240740740741 0.010453124999999968 0.033111111111111105
3 0.4424739583333333 0.3488611111111111 0.010677083333333334 0.026574074074074115
3 0.46800520833333337 0.3073240740740741 0.009453125000000047 0.030518518518518552
3 0.48140625 0.28685185185185186 0.00845312500000001 0.017657407407407455
3 0.48902604166666663 0.27350925925925923 0.011010416666666719 0.020620370370370355
3 0.49684895833333337 0.2623333333333333 0.007348958333333281 0.02155555555555553
3 0.503765625 0.25299074074074074 0.008833333333333353 0.02264814814814818
3 0.337359375 0.3160925925925926 0.008973958333333342 0.024018518518518567
0 0.45564583333333336 0.327712962962963 0.014046875000000014 0.035981481481481496
4 0.648109375 0.17776851851851852 0.016390624999999895 0.02742592592592593