3 0.50390625 0.9703703703703703 0.0203125 0.053703703703703705
3 0.5625 0.32731481481481484 0.03958333333333333 0.03425925925925926
4 0.6658854166666667 0.19212962962962962 0.019791666666666666 0.040740740740740744
4 0.553125 0.25092592592592594 0.03177083333333333 0.07685185185185185
2 0.40208333333333335 0.8597222222222223 0.028645833333333332 0.14629629629629629
4 0.70390625 0.19722222222222222 0.026041666666666668 0.04722222222222222
4 0.5208333333333334 0.16111111111111112 0.0140625 0.03333333333333333
3 0.07510416666666667 0.9516481481481481 0.03145833333333333 0.09218518518518513
3 0.2125 0.7308703703703704 0.025 0.06840740740740729
3 0.27927083333333336 0.6199351851851852 0.02312500000000005 0.07097222222222231
3 0.3177083333333333 0.557138888888889 0.022916666666666665 0.05428703703703714
3 0.35666666666666663 0.49453703703703705 0.02166666666666662 0.04611111111111107
3 0.3858333333333333 0.4413796296296296 0.013333333333333286 0.04869444444444447
3 0.4125 0.39749074074074076 0.018333333333333358 0.03572222222222226
3 0.42882291666666666 0.36972222222222223 0.01314062500000001 0.03248148148148152
3 0.4426197916666667 0.35121296296296295 0.009500000000000005 0.028777777777777815
3 0.45348437500000005 0.32887962962962963 0.01431250000000001 0.035944444444444494
3 0.4657135416666666 0.3063240740740741 0.01171354166666667 0.022287037037037084
3 0.47990104166666664 0.28862037037037036 0.012489583333333342 0.026212962962962914
3 0.48861979166666664 0.2748703703703704 0.010270833333333347 0.023712962962962974
3 0.33734375 0.3198425925925926 0.013880208333333382 0.025759259259259305
3 0.49632291666666667 0.2614537037037037 0.009385416666666656 0.02199074074074074