3 0.7864583333333334 0.8592592592592593 0.0125 0.04259259259259259
3 0.7307291666666667 0.8467592592592592 0.0125 0.030555555555555555
4 0.6848958333333334 0.41759259259259257 0.07135416666666666 0.11481481481481481
5 0.45598958333333334 0.4981481481481482 0.04895833333333333 0.053703703703703705
5 0.54375 0.4703703703703704 0.04479166666666667 0.053703703703703705
4 0.42473958333333334 0.7037037037037037 0.14479166666666668 0.19537037037037036
5 0.74921875 0.3287037037037037 0.01875 0.024074074074074074
5 0.578125 0.7532407407407408 0.09375 0.12777777777777777
5 0.7138020833333333 0.7569444444444444 0.078125 0.13333333333333333
4 0.6440104166666667 0.399537037037037 0.06041666666666667 0.08981481481481482
5 0.71640625 0.3106481481481482 0.016666666666666666 0.021296296296296296
5 0.7450520833333333 0.31157407407407406 0.016145833333333335 0.020370370370370372
2 0.7526041666666666 0.8125 0.01875 0.0962962962962963
5 0.7997395833333333 0.30324074074074076 0.015104166666666667 0.030555555555555555
5 0.76875 0.2935185185185185 0.0140625 0.016666666666666666
5 0.6145833333333334 0.3837962962962963 0.0265625 0.03611111111111111
2 0.6768229166666667 0.7768518518518519 0.018229166666666668 0.09166666666666666
5 0.8252604166666667 0.27175925925925926 0.009895833333333333 0.014814814814814815
5 0.7828125 0.2810185185185185 0.0109375 0.014814814814814815
5 0.15598958333333332 0.45185185185185184 0.042708333333333334 0.04722222222222222
5 0.8127604166666667 0.2675925925925926 0.009895833333333333 0.012962962962962963
5 0.578125 0.7527777777777778 0.09427083333333333 0.12685185185185185
5 0.09270833333333334 0.4935185185185185 0.05677083333333333 0.04351851851851852
5 0.78203125 0.26851851851851855 0.009895833333333333 0.011111111111111112
5 0.8244791666666667 0.24768518518518517 0.0078125 0.010185185185185186
4 0.8395833333333333 0.2513888888888889 0.0125 0.024074074074074074
5 0.76875 0.2763888888888889 0.0125 0.016666666666666666
5 0.8229166666666666 0.25925925925925924 0.008333333333333333 0.012037037037037037