3 0.5309895833333333 0.9361111111111111 0.025520833333333333 0.020370370370370372
5 0.371875 0.7300925925925926 0.07395833333333333 0.09259259259259259
5 0.4817708333333333 0.7125 0.06302083333333333 0.0962962962962963
5 0.52578125 0.8550925925925926 0.0734375 0.1527777777777778
5 0.5588541666666667 0.5333333333333333 0.034375 0.05092592592592592
5 0.58046875 0.44722222222222224 0.021354166666666667 0.032407407407407406
5 0.41484375 0.5351851851851852 0.0453125 0.05555555555555555
5 0.6479166666666667 0.45555555555555555 0.025 0.03611111111111111
5 0.62265625 0.4375 0.0203125 0.03148148148148148
5 0.65625 0.3837962962962963 0.015625 0.021296296296296296
5 0.6421875 0.37546296296296294 0.0140625 0.020370370370370372