3 0.5338541666666666 0.9689814814814814 0.027083333333333334 0.025
4 0.17135416666666667 0.6027777777777777 0.23697916666666666 0.2351851851851852
5 0.34791666666666665 0.9435185185185185 0.11614583333333334 0.11296296296296296
5 0.5346354166666667 0.575462962962963 0.041666666666666664 0.05648148148148148
5 0.5268229166666667 0.5171296296296296 0.034895833333333334 0.04351851851851852
4 0.6130208333333333 0.4356481481481482 0.034375 0.06388888888888888
5 0.603125 0.47824074074074074 0.027604166666666666 0.037037037037037035
5 0.6341145833333334 0.4962962962962963 0.0296875 0.04722222222222222
5 0.6203125 0.3574074074074074 0.011979166666666667 0.014814814814814815
5 0.5903645833333333 0.4324074074074074 0.019791666666666666 0.03333333333333333
0 0.6544270833333333 0.37546296296296294 0.021354166666666667 0.04814814814814815
5 0.6375 0.3787037037037037 0.014583333333333334 0.016666666666666666
5 0.71015625 0.34305555555555556 0.010416666666666666 0.017592592592592594