0 0.48125 0.7532407407407408 0.1203125 0.14814814814814814
2 0.4796875 0.45416666666666666 0.16614583333333333 0.22777777777777777
0 0.61484375 0.4550925925925926 0.06197916666666667 0.07407407407407407
0 0.09348958333333333 0.4222222222222222 0.08854166666666667 0.07037037037037037
0 0.7169270833333333 0.2689814814814815 0.03177083333333333 0.037037037037037035
0 0.5890625 0.20601851851851852 0.030729166666666665 0.03333333333333333
0 0.5705729166666667 0.19166666666666668 0.023958333333333335 0.027777777777777776
0 0.7020833333333333 0.21805555555555556 0.026041666666666668 0.02962962962962963
0 0.010416666666666666 0.23194444444444445 0.020833333333333332 0.024074074074074074
3 0.753125 0.2101851851851852 0.008333333333333333 0.023148148148148147
0 0.08046875 0.22314814814814815 0.04010416666666667 0.021296296296296296
0 0.7739583333333333 0.13796296296296295 0.016666666666666666 0.020370370370370372
0 0.16130208333333332 0.21760185185185185 0.02985937500000002 0.013129629629629635
0 0.286890625 0.20472222222222222 0.029276041666666686 0.016000000000000028
