3 0.73046875 0.8467592592592592 0.013020833333333334 0.030555555555555555
3 0.7872395833333333 0.8578703703703704 0.011979166666666667 0.04351851851851852
5 0.7135416666666666 0.7550925925925925 0.07864583333333333 0.13055555555555556
5 0.6135416666666667 0.5375 0.046875 0.06574074074074074
5 0.3875 0.5412037037037037 0.065625 0.06851851851851852
5 0.5231770833333333 0.4962962962962963 0.04791666666666667 0.05277777777777778
4 0.7333333333333333 0.3768518518518518 0.0359375 0.06481481481481481
5 0.5768229166666666 0.4148148148148148 0.0328125 0.037037037037037035
4 0.7890625 0.3055555555555556 0.030729166666666665 0.058333333333333334
5 0.69375 0.3861111111111111 0.025 0.03333333333333333
5 0.20078125 0.44166666666666665 0.051041666666666666 0.041666666666666664
0 0.2201614583333333 0.38878703703703704 0.0734375 0.058333333333333334
5 0.08125 0.5041666666666667 0.07552083333333333 0.05185185185185185
5 0.6716145833333333 0.3736111111111111 0.025520833333333333 0.030555555555555555
5 0.31197916666666664 0.40324074074074073 0.03802083333333333 0.032407407407407406
2 0.65859375 0.7675925925925926 0.017708333333333333 0.09814814814814815
2 0.7528645833333333 0.812037037037037 0.01875 0.09814814814814815
5 0.7481770833333333 0.3074074074074074 0.016145833333333335 0.023148148148148147
5 0.70078125 0.32916666666666666 0.0171875 0.024074074074074074
5 0.8106770833333333 0.2712962962962963 0.011979166666666667 0.01574074074074074
5 0.73671875 0.3013888888888889 0.0140625 0.016666666666666666
5 0.578125 0.7532407407407408 0.09375 0.12777777777777777
5 0.35104166666666664 0.3787037037037037 0.03229166666666667 0.027777777777777776
5 0.8302083333333333 0.26990740740740743 0.009895833333333333 0.019444444444444445
5 0.7799479166666666 0.2712962962962963 0.0140625 0.01574074074074074
5 0.796875 0.27037037037037037 0.010416666666666666 0.01574074074074074
5 0.81015625 0.2490740740740741 0.008854166666666666 0.012962962962962963
5 0.821875 0.2550925925925926 0.0078125 0.013888888888888888
5 0.84375 0.24814814814814815 0.008333333333333333 0.012037037037037037
5 0.8385416666666666 0.24444444444444444 0.007291666666666667 0.012037037037037037
0 0.404828125 0.34170370370370373 0.052890624999999976 0.05363888888888884