3 0.73046875 0.8462962962962963 0.0140625 0.03333333333333333
3 0.78671875 0.8583333333333333 0.013020833333333334 0.044444444444444446
5 0.25390625 0.7092592592592593 0.1015625 0.0962962962962963
5 0.48515625 0.6865740740740741 0.0765625 0.10092592592592593
5 0.7140625 0.7560185185185185 0.07708333333333334 0.13148148148148148
4 0.6890625 0.425 0.0453125 0.07777777777777778
5 0.6174479166666667 0.45787037037037037 0.0359375 0.044444444444444446
5 0.4315104166666667 0.5143518518518518 0.05572916666666667 0.05185185185185185
5 0.5765625 0.44814814814814813 0.03802083333333333 0.041666666666666664
4 0.76953125 0.32546296296296295 0.036458333333333336 0.06944444444444445
5 0.18958333333333333 0.44675925925925924 0.049479166666666664 0.04259259259259259
5 0.2833333333333333 0.42453703703703705 0.04635416666666667 0.03425925925925926
5 0.6598958333333333 0.3574074074074074 0.022395833333333334 0.030555555555555555
2 0.671875 0.7777777777777778 0.019791666666666666 0.10092592592592593
2 0.7528645833333333 0.812037037037037 0.018229166666666668 0.09722222222222222
5 0.7984375 0.28379629629629627 0.011979166666666667 0.016666666666666666
4 0.7572916666666667 0.31203703703703706 0.029166666666666667 0.05
5 0.7838541666666666 0.2796296296296296 0.0125 0.01574074074074074
5 0.7145833333333333 0.3365740740740741 0.020833333333333332 0.027777777777777776
5 0.5778645833333333 0.7537037037037037 0.09322916666666667 0.12685185185185185
5 0.7106770833333333 0.32037037037037036 0.017708333333333333 0.018518518518518517
5 0.8221354166666667 0.2763888888888889 0.011458333333333333 0.022222222222222223
5 0.8403645833333333 0.25416666666666665 0.0078125 0.012962962962962963
5 0.7661458333333333 0.2785925925925926 0.013541666666666667 0.014814814814814815
5 0.8 0.2708333333333333 0.0109375 0.014814814814814815
5 0.7923072916666667 0.25859259259259254 0.008854166666666666 0.012962962962962963
5 0.8033854166666666 0.25416666666666665 0.009375 0.012037037037037037
5 0.81328125 0.25972222222222224 0.009375 0.012962962962962963
5 0.8221354166666667 0.2537037037037037 0.008333333333333333 0.013888888888888888
0 0.3376822916666667 0.35929629629629634 0.06102083333333338 0.06687962962962965
2 0.7024322916666667 0.7813240740740741 0.026734374999999963 0.09780555555555545