0 0.4356770833333333 0.5689814814814815 0.090625 0.09537037037037037
0 0.22317708333333333 0.38472222222222224 0.07395833333333333 0.07037037037037037
0 0.32890625 0.37222222222222223 0.07395833333333333 0.0712962962962963
2 0.68515625 0.21666666666666667 0.053125 0.07685185185185185
0 0.48463541666666665 0.3962962962962963 0.0625 0.05462962962962963
0 0.73203125 0.2550925925925926 0.0296875 0.03333333333333333
0 0.7484375 0.2152777777777778 0.025 0.03148148148148148
0 0.7859427083333334 0.17804629629629629 0.019203124999999942 0.014740740740740756
1 0.8830833333333333 0.10067592592592593 0.014192708333333333 0.017666666666666678
0 0.8162343750000001 0.11682407407407407 0.009937499999999962 0.014638888888888878
1 0.7800416666666667 0.13423148148148148 0.014192708333333333 0.017157407407407434
1 0.8018125 0.09972222222222223 0.01810416666666678 0.026509259259259257
1 0.8570208333333333 0.08861111111111111 0.010567708333333314 0.0147037037037037
0 0.8701145833333332 0.10556481481481482 0.00827083333333339 0.011027777777777775
0 0.058390624999999995 0.22851851851851854 0.039484374999999995 0.023898148148148123
