0 0.8390625 0.6388888888888888 0.084375 0.11527777777777778
0 0.54453125 0.4111111111111111 0.0375 0.07777777777777778
1 0.484375 0.3854166666666667 0.0453125 0.12083333333333333
1 0.965625 0.64375 0.06875 0.15833333333333333
1 0.441015625 0.35208333333333336 0.04296875 0.10416666666666667
1 0.78046875 0.3576388888888889 0.05703125 0.08888888888888889
0 0.658984375 0.41944444444444445 0.0375 0.058333333333333334
0 0.72421875 0.2986111111111111 0.0328125 0.05694444444444444
1 0.7015625 0.2590277777777778 0.0375 0.06944444444444445
1 0.651953125 0.2298611111111111 0.04296875 0.07916666666666666
1 0.483984375 0.23055555555555557 0.021875 0.04861111111111111
0 0.648828125 0.29097222222222224 0.0234375 0.0375
0 0.412109375 0.18194444444444444 0.0125 0.016666666666666666
0 0.58828125 0.2604166666666667 0.02109375 0.03194444444444444
1 0.452734375 0.23402777777777778 0.01875 0.034722222222222224
0 0.4390625 0.20277777777777778 0.01328125 0.019444444444444445
0 0.855078125 0.45694444444444443 0.0640625 0.09305555555555556
0 0.496484375 0.22291666666666668 0.01484375 0.029166666666666667
0 0.354296875 0.16666666666666666 0.01015625 0.016666666666666666
0 0.4609375 0.2152777777777778 0.01328125 0.02361111111111111
1 0.3265625 0.15486111111111112 0.015625 0.025
0 0.450390625 0.21736111111111112 0.015625 0.022222222222222223
0 0.554296875 0.2326388888888889 0.01875 0.02361111111111111
0 0.55546875 0.23541666666666666 0.0171875 0.025
