3 0.7864583333333334 0.8583333333333333 0.0125 0.04259259259259259
3 0.73046875 0.8472222222222222 0.013020833333333334 0.02962962962962963
5 0.5796875 0.5777777777777777 0.0546875 0.07592592592592592
5 0.7135416666666666 0.7550925925925925 0.078125 0.13055555555555556
5 0.46145833333333336 0.5439814814814815 0.058854166666666666 0.06296296296296296
5 0.578125 0.7532407407407408 0.09322916666666667 0.12777777777777777
5 0.5395833333333333 0.4398148148148148 0.0390625 0.04259259259259259
5 0.6734375 0.40555555555555556 0.028125 0.03611111111111111
5 0.28880208333333335 0.6092592592592593 0.08333333333333333 0.07777777777777778
5 0.16223958333333333 0.4708333333333333 0.058854166666666666 0.03888888888888889
5 0.6458333333333334 0.39444444444444443 0.027083333333333334 0.032407407407407406
4 0.7201510416666667 0.3946481481481482 0.030895833333333417 0.0625555555555555
5 0.7380208333333333 0.3175925925925926 0.0171875 0.022222222222222223
2 0.7528645833333333 0.812037037037037 0.01875 0.09814814814814815
2 0.6635416666666667 0.774074074074074 0.018229166666666668 0.10092592592592593
5 0.6885416666666667 0.3375 0.019270833333333334 0.025
5 0.7278645833333334 0.3060185185185185 0.014583333333333334 0.017592592592592594
0 0.265625 0.37546296296296294 0.06770833333333333 0.05277777777777778
5 0.027864583333333335 0.5092592592592593 0.05520833333333333 0.04814814814814815
5 0.80703125 0.27361111111111114 0.011458333333333333 0.018518518518518517
5 0.7924479166666667 0.2722222222222222 0.010416666666666666 0.016666666666666666
5 0.7984375 0.2564814814814815 0.008333333333333333 0.012037037037037037
5 0.8432291666666667 0.25046296296296294 0.007291666666666667 0.011111111111111112
5 0.7770833333333333 0.2708333333333333 0.011979166666666667 0.014814814814814815
5 0.8067708333333333 0.25462962962962965 0.009895833333333333 0.012962962962962963
4 0.7826093749999999 0.31471296296296297 0.026328125000000095 0.05668518518518521