3 0.086328125 0.8986111111111111 0.03046875 0.025
4 0.39296875 0.45902777777777776 0.06328125 0.1375
4 0.48046875 0.4479166666666667 0.05859375 0.1486111111111111
5 0.708203125 0.5541666666666667 0.05546875 0.08194444444444444
5 0.556640625 0.44305555555555554 0.0390625 0.06527777777777778
5 0.703515625 0.36666666666666664 0.03671875 0.05277777777777778
5 0.781640625 0.3784722222222222 0.04375 0.058333333333333334
5 0.66953125 0.3111111111111111 0.02890625 0.04027777777777778
4 0.699609375 0.2722222222222222 0.02890625 0.04722222222222222
5 0.60859375 0.28958333333333336 0.02578125 0.03611111111111111
5 0.632421875 0.3486111111111111 0.03046875 0.043055555555555555
5 0.498828125 0.2722222222222222 0.01875 0.029166666666666667
5 0.72578125 0.3076388888888889 0.03046875 0.044444444444444446
5 0.503125 0.23125 0.01484375 0.022222222222222223
4 0.41171875 0.17916666666666667 0.01953125 0.03333333333333333
5 0.592578125 0.23472222222222222 0.0171875 0.02361111111111111
4 0.6734375 0.2423611111111111 0.02265625 0.034722222222222224
4 0.655078125 0.22083333333333333 0.025 0.043055555555555555
4 0.502734375 0.30694444444444446 0.02265625 0.04583333333333333
4 0.348828125 0.16597222222222222 0.0171875 0.025
4 0.458203125 0.20555555555555555 0.01328125 0.025
5 0.621484375 0.20625 0.01640625 0.02638888888888889
4 0.457421875 0.20069444444444445 0.0140625 0.02638888888888889
5 0.3828125 0.17152777777777778 0.0109375 0.013888888888888888