1 0.549609375 0.49930555555555556 0.05390625 0.10694444444444444
0 0.675 0.48333333333333334 0.02109375 0.03194444444444444
1 0.739453125 0.4388888888888889 0.02890625 0.06388888888888888
0 0.610546875 0.5013888888888889 0.01953125 0.04027777777777778
1 0.569140625 0.4201388888888889 0.03046875 0.06666666666666667
1 0.701171875 0.4125 0.02265625 0.05
0 0.630859375 0.42291666666666666 0.01328125 0.022222222222222223
0 0.678125 0.4 0.0125 0.016666666666666666
0 0.667578125 0.3854166666666667 0.0109375 0.013888888888888888
2 0.602484375 0.37583333333333335 0.012023437500000077 0.026124999999999923
1 0.589125 0.35504166666666664 0.012687500000000008 0.022555555555555568
1 0.6938203125 0.3787916666666667 0.013695312499999978 0.02493055555555562
1 0.66896875 0.36536111111111114 0.012515624999999985 0.017875000000000005
