3 0.50390625 0.9699074074074074 0.0203125 0.05462962962962963
3 0.5625 0.3287037037037037 0.03854166666666667 0.03148148148148148
4 0.5526041666666667 0.24953703703703703 0.030208333333333334 0.075
5 0.7088541666666667 0.3236111111111111 0.03333333333333333 0.04814814814814815
2 0.43203125 0.7708333333333334 0.023958333333333335 0.13333333333333333
4 0.5085520833333333 0.18727777777777777 0.020749999999999956 0.050194444444444423
4 0.628125 0.16203703703703703 0.016145833333333335 0.028703703703703703
3 0.07572916666666667 0.9444814814814815 0.02979166666666666 0.08955555555555547
3 0.21083333333333334 0.7259907407407408 0.011666666666666655 0.06727777777777785
3 0.27766145833333333 0.6240925925925925 0.015322916666666705 0.05181481481481485
3 0.320265625 0.5582314814814815 0.013343749999999942 0.04124999999999996
3 0.35714062500000004 0.4912870370370371 0.011239583333333296 0.03654629629629632
3 0.33849479166666663 0.3168796296296296 0.004286458333333343 0.018268518518518535
3 0.350890625 0.30545370370370367 0.005479166666666657 0.017388888888888863
3 0.38596874999999997 0.4433425925925926 0.010463541666666624 0.032537037037037024
3 0.413609375 0.3940277777777778 0.007864583333333286 0.028777777777777815
3 0.4311666666666667 0.36762962962962964 0.00927083333333331 0.027898148148148144
3 0.44240625 0.34752777777777777 0.006463541666666709 0.020648148148148106
3 0.46730208333333334 0.3065185185185185 0.005124999999999958 0.021509259259259277
3 0.4810833333333333 0.2865833333333333 0.005234374999999976 0.018388888888888903
3 0.48864583333333333 0.2750740740740741 0.004578124999999981 0.0169259259259259
3 0.49735416666666665 0.2621574074074074 0.004375000000000047 0.014601851851851835
3 0.5037083333333333 0.25337037037037036 0.0030312499999999667 0.015638888888888876
3 0.5095989583333334 0.24302777777777781 0.004338541666666629 0.015509259259259259
3 0.5122864583333333 0.2371111111111111 0.004130208333333367 0.012027777777777787
4 0.664890625 0.17110185185185184 0.017208333333333315 0.03156481481481479