3 0.5036458333333333 0.9703703703703703 0.020833333333333332 0.053703703703703705
3 0.5630208333333333 0.3277777777777778 0.03854166666666667 0.03333333333333333
4 0.6979166666666666 0.22546296296296298 0.027083333333333334 0.05277777777777778
4 0.5528645833333333 0.25046296296296294 0.030729166666666665 0.075
5 0.6484375 0.21064814814814814 0.019270833333333334 0.02962962962962963
4 0.6528645833333333 0.1648148148148148 0.018229166666666668 0.030555555555555555
4 0.5026041666666666 0.17037037037037037 0.019791666666666666 0.040740740740740744
3 0.0734375 0.9460925925925926 0.036458333333333336 0.09144444444444454
3 0.2140625 0.7271666666666667 0.021875 0.07581481481481471
3 0.2765625 0.6186296296296296 0.030208333333333334 0.058750000000000045
3 0.3182291666666667 0.5567777777777778 0.01854166666666662 0.04612962962962957
3 0.3563541666666667 0.5002777777777777 0.014374999999999952 0.048342592592592624
3 0.41322916666666665 0.396 0.013125000000000024 0.03837037037037032
3 0.4291979166666666 0.36650925925925926 0.008536458333333385 0.033379629629629586
3 0.44256770833333337 0.3466666666666666 0.007302083333333324 0.037592592592592615
3 0.4682760416666667 0.3087314814814815 0.012651041666666647 0.0246203703703704
3 0.47969270833333333 0.2868796296296296 0.008328125000000004 0.026277777777777775
3 0.48894791666666665 0.27709259259259256 0.010385416666666696 0.02573148148148145
3 0.4963020833333333 0.2588148148148148 0.0069947916666666995 0.018425925925925905
3 0.5030572916666667 0.25380555555555556 0.006369791666666676 0.01676851851851853
3 0.38375 0.43804629629629627 0.01583333333333338 0.03947222222222222