3 0.087109375 0.9 0.02734375 0.022222222222222223
5 0.8390625 0.6381944444444444 0.084375 0.11527777777777778
5 0.54453125 0.41041666666666665 0.0375 0.0763888888888889
4 0.484375 0.3854166666666667 0.0453125 0.12083333333333333
5 0.965625 0.6430555555555556 0.06875 0.15833333333333333
4 0.441015625 0.35208333333333336 0.04296875 0.10416666666666667
4 0.780078125 0.35694444444444445 0.05703125 0.08888888888888889
5 0.65859375 0.41944444444444445 0.0375 0.058333333333333334
5 0.72421875 0.29791666666666666 0.0328125 0.05694444444444444
4 0.701171875 0.25833333333333336 0.03828125 0.06944444444444445
4 0.651953125 0.2298611111111111 0.04296875 0.07916666666666666
4 0.48359375 0.2298611111111111 0.021875 0.04861111111111111
5 0.6484375 0.29097222222222224 0.0234375 0.0375
5 0.41171875 0.18194444444444444 0.0125 0.016666666666666666
5 0.587890625 0.2604166666666667 0.02109375 0.03194444444444444
4 0.45234375 0.23402777777777778 0.01875 0.034722222222222224
5 0.438671875 0.20277777777777778 0.01328125 0.019444444444444445
5 0.8546875 0.45625 0.0640625 0.09305555555555556
5 0.496484375 0.22291666666666668 0.01484375 0.029166666666666667
5 0.354296875 0.16597222222222222 0.01015625 0.015277777777777777
5 0.460546875 0.21458333333333332 0.01328125 0.02361111111111111
4 0.3265625 0.15416666666666667 0.015625 0.025
5 0.45 0.21666666666666667 0.015625 0.022222222222222223
5 0.55390625 0.2326388888888889 0.01875 0.02361111111111111
5 0.555078125 0.23472222222222222 0.01640625 0.025
4 0.5408359375 0.19886111111111113 0.031960937500000064 0.05429166666666669
5 0.5824374999999999 0.1862777777777778 0.02073437499999997 0.03426388888888891
5 0.5173046875 0.19408333333333336 0.013414062500000056 0.023847222222222245
5 0.5115703125 0.2062222222222222 0.015609375000000014 0.020388888888888897
4 0.4775390625 0.17890277777777777 0.023171875000000064 0.038597222222222234
5 0.448078125 0.17476388888888889 0.015265624999999972 0.022111111111111095
4 0.40667968749999994 0.1560138888888889 0.017789062499999987 0.031625000000000014
5 0.3397421875 0.1592777777777778 0.009343750000000029 0.016430555555555573