0 0.7135416666666666 0.7550925925925925 0.078125 0.12777777777777777
1 0.27682291666666664 0.6537037037037037 0.13958333333333334 0.17592592592592593
0 0.59375 0.4935185185185185 0.042708333333333334 0.05277777777777778
0 0.47421875 0.48518518518518516 0.05260416666666667 0.05740740740740741
1 0.77421875 0.3337962962962963 0.026041666666666668 0.046296296296296294
0 0.6716145833333333 0.3773148148148148 0.025 0.030555555555555555
0 0.7536458333333333 0.3296296296296296 0.018229166666666668 0.021296296296296296
0 0.7075520833333333 0.42083333333333334 0.028645833333333332 0.04259259259259259
0 0.6065104166666667 0.39351851851851855 0.03125 0.03888888888888889
1 0.8109375 0.2847222222222222 0.0234375 0.044444444444444446
0 0.18984375 0.4444444444444444 0.049479166666666664 0.03611111111111111
0 0.740625 0.3189814814814815 0.015625 0.017592592592592594
1 0.5783854166666667 0.7537037037037037 0.09427083333333333 0.12685185185185185
0 0.68125 0.34305555555555556 0.0203125 0.024074074074074074
0 0.16302083333333334 0.4699074074074074 0.058854166666666666 0.040740740740740744
0 0.3229166666666667 0.725925925925926 0.10572916666666667 0.11481481481481481
0 0.7807291666666667 0.2833333333333333 0.011458333333333333 0.014814814814814815
0 0.7403645833333333 0.300462962962963 0.0125 0.01574074074074074
0 0.7645833333333333 0.28194444444444444 0.011979166666666667 0.013888888888888888
0 0.5783854166666667 0.7537037037037037 0.0953125 0.1259259259259259
0 0.7981770833333334 0.2574074074074074 0.008854166666666666 0.012037037037037037
0 0.8265625 0.2574074074074074 0.0078125 0.013888888888888888
2 0.24964583333333332 0.3888888888888889 0.09460416666666666 0.06427777777777774
0 0.81953125 0.25416666666666665 0.008333333333333333 0.012037037037037037
0 0.193921875 0.6507407407407407 0.03133854166666664 0.07711111111111109
