1 0.473046875 0.47291666666666665 0.06328125 0.16527777777777777
1 0.3796875 0.4840277777777778 0.06875 0.15
0 0.5546875 0.4673611111111111 0.04296875 0.07361111111111111
0 0.6984375 0.5194444444444445 0.0515625 0.07777777777777778
0 0.771484375 0.3645833333333333 0.040625 0.058333333333333334
0 0.6640625 0.3055555555555556 0.028125 0.04027777777777778
0 0.721484375 0.3020833333333333 0.03046875 0.043055555555555555
1 0.414453125 0.18055555555555555 0.01953125 0.034722222222222224
0 0.695703125 0.26875 0.03125 0.04722222222222222
0 0.62734375 0.3388888888888889 0.02578125 0.041666666666666664
0 0.6046875 0.28541666666666665 0.02265625 0.034722222222222224
0 0.696875 0.35694444444444445 0.0359375 0.05277777777777778
0 0.49921875 0.2763888888888889 0.01953125 0.030555555555555555
0 0.50625 0.23402777777777778 0.01640625 0.02361111111111111
0 0.5875 0.23194444444444445 0.01875 0.025
1 0.651171875 0.21805555555555556 0.02734375 0.04583333333333333
0 0.67109375 0.24027777777777778 0.02109375 0.03333333333333333
1 0.351171875 0.1673611111111111 0.01796875 0.02638888888888889
1 0.461328125 0.20902777777777778 0.01328125 0.025
0 0.503125 0.31319444444444444 0.02265625 0.04583333333333333
0 0.61796875 0.2048611111111111 0.0171875 0.027777777777777776
1 0.53990625 0.18166666666666667 0.025999999999999978 0.042166666666666686
1 0.44661718749999996 0.16058333333333333 0.017335937500000044 0.02919444444444446
1 0.3982578125 0.149625 0.012773437499999974 0.02513888888888888
1 0.3307421875 0.14070833333333332 0.02007031250000004 0.02027777777777777
1 0.3131796875 0.15570833333333334 0.017789062499999987 0.02595833333333333
0 0.386171875 0.17193055555555556 0.010492187499999962 0.012972222222222227
0 0.49132031249999997 0.19301388888888887 0.010945312499999993 0.01459722222222221
0 0.5045468750000001 0.19383333333333333 0.01185937500000005 0.01459722222222221
0 0.54903125 0.22870833333333332 0.01414062499999993 0.01622222222222223
