0 0.06848958333333334 0.47685185185185186 0.103125 0.09351851851851851
0 0.23177083333333334 0.4388888888888889 0.09375 0.09166666666666666
0 0.5192708333333333 0.4513888888888889 0.06614583333333333 0.06944444444444445
2 0.70078125 0.2013888888888889 0.04791666666666667 0.06944444444444445
0 0.5348958333333333 0.34305555555555556 0.051041666666666666 0.046296296296296294
0 0.7450520833333333 0.23333333333333334 0.027083333333333334 0.03148148148148148
0 0.7588541666666667 0.19953703703703704 0.022395833333333334 0.027777777777777776
1 0.7953125 0.10231481481481482 0.021354166666666667 0.027777777777777776
0 0.009635416666666667 0.9560185185185185 0.01875 0.08796296296296297
0 0.77109375 0.15462962962962962 0.014583333333333334 0.021296296296296296
