3 0.50390625 0.9703703703703703 0.0203125 0.053703703703703705
3 0.5627604166666667 0.3282407407407407 0.0359375 0.032407407407407406
4 0.475 0.23055555555555557 0.0375 0.0787037037037037
5 0.6791666666666667 0.3861111111111111 0.040625 0.05555555555555555
4 0.8111979166666666 0.3476851851851852 0.0875 0.15092592592592594
4 0.5528645833333333 0.25092592592592594 0.03177083333333333 0.07407407407407407
2 0.4588541666666667 0.7199074074074074 0.022916666666666665 0.12037037037037036
5 0.6489583333333333 0.2111111111111111 0.017708333333333333 0.027777777777777776
4 0.6453125 0.15925925925925927 0.016666666666666666 0.030555555555555555
3 0.0759375 0.9457222222222221 0.033125 0.09811111111111104
3 0.21125000000000002 0.7308703703703704 0.022500000000000023 0.06840740740740729
3 0.28041666666666665 0.6221574074074073 0.027499999999999976 0.0694907407407407
3 0.31666666666666665 0.5575092592592593 0.025 0.04762037037037043
3 0.35822916666666665 0.49657407407407406 0.01854166666666662 0.04797222222222217
3 0.38552083333333337 0.4434166666666667 0.01895833333333338 0.041657407407407414
3 0.4150677083333333 0.3970462962962963 0.010229166666666718 0.0349351851851852
3 0.42930729166666665 0.3694722222222222 0.010817708333333323 0.038388888888888924
3 0.441859375 0.34880555555555554 0.011411458333333376 0.03162037037037035
3 0.4533125 0.32799074074074075 0.011494791666666634 0.03957407407407408
3 0.46658333333333335 0.30995370370370373 0.01200520833333331 0.027546296296296298
3 0.3382760416666667 0.31619444444444444 0.009635416666666667 0.029509259259259263
3 0.4798958333333333 0.2859814814814815 0.008874999999999982 0.02619444444444441
3 0.48767708333333337 0.27561111111111114 0.008874999999999982 0.024083333333333325