3 0.26171875 0.6909722222222222 0.0203125 0.020833333333333332
4 0.699609375 0.40347222222222223 0.0203125 0.04027777777777778
5 0.67578125 0.4173611111111111 0.0140625 0.022222222222222223
5 0.633203125 0.4173611111111111 0.01484375 0.02638888888888889
4 0.6 0.41805555555555557 0.0296875 0.06666666666666667
4 0.6 0.4076388888888889 0.0296875 0.04722222222222222
4 0.714453125 0.4708333333333333 0.03515625 0.0763888888888889
5 0.634375 0.3909722222222222 0.0109375 0.016666666666666666
5 0.701171875 0.44166666666666665 0.01171875 0.022222222222222223
4 0.5966015625 0.36816666666666664 0.01476562500000007 0.044986111111111095
5 0.6986718749999999 0.7187083333333334 0.051875000000000074 0.07723611111111105
3 0.7558828125 0.4436527777777778 0.005882812499999978 0.007458333333333339
4 0.7872265625 0.49570833333333336 0.04139843750000001 0.03350000000000001
4 0.0445078125 0.9782361111111112 0.089015625 0.03955555555555558
4 0.686140625 0.375 0.013289062499999994 0.02908333333333341