3 0.5033854166666667 0.9694444444444444 0.021354166666666667 0.05555555555555555
3 0.5625 0.3277777777777778 0.0375 0.03333333333333333
4 0.3291302083333333 0.38558333333333333 0.08088020833333331 0.1433888888888889
4 0.7111145833333333 0.24906481481481482 0.030166666666666706 0.0604537037037037
4 0.5526041666666667 0.25 0.030729166666666665 0.075
5 0.5915677083333333 0.1649537037037037 0.010260416666666572 0.017472222222222226
4 0.5190677083333334 0.15249074074074073 0.015625 0.032407407407407406
3 0.07447916666666667 0.9467592592592593 0.03333333333333333 0.10648148148148148
3 0.21351041666666667 0.7250740740740741 0.023916666666666645 0.07191666666666674
3 0.2794635416666667 0.617824074074074 0.02216145833333331 0.062537037037037
3 0.31763020833333333 0.5552962962962963 0.020401041666666706 0.05377777777777771
3 0.3575520833333333 0.4921388888888889 0.017234374999999958 0.045027777777777826
3 0.38815625 0.4367962962962963 0.016531250000000004 0.04189814814814815
3 0.4134791666666667 0.39551851851851855 0.01160937499999998 0.04064814814814813
3 0.42983854166666663 0.36800925925925926 0.012661458333333304 0.036898148148148166
3 0.44109375 0.3483148148148148 0.013364583333333376 0.03876851851851852
3 0.46765104166666666 0.30703703703703705 0.010906250000000029 0.022509259259259208
2 0.3609375 0.925 0.05416666666666667 0.15
4 0.7458489583333333 0.23117592592592592 0.030166666666666706 0.060453703703703725