0 0.5609375 0.6962962962962963 0.16354166666666667 0.20833333333333334
0 0.5544270833333333 0.49722222222222223 0.11145833333333334 0.11296296296296296
1 0.8580729166666666 0.21574074074074073 0.0515625 0.10833333333333334
0 0.46041666666666664 0.2569444444444444 0.05416666666666667 0.049074074074074076
1 0.765625 0.1259259259259259 0.019270833333333334 0.03518518518518519
1 0.87890625 0.12546296296296297 0.026041666666666668 0.05462962962962963
0 0.5552083333333333 0.19953703703703704 0.03802083333333333 0.03425925925925926
0 0.6953125 0.14537037037037037 0.020833333333333332 0.022222222222222223
1 0.8109375 0.11712962962962963 0.029166666666666667 0.03981481481481482
1 0.8864583333333333 0.09398148148148149 0.013541666666666667 0.026851851851851852
0 0.7973958333333333 0.10185185185185185 0.010416666666666666 0.014814814814814815
0 0.8261666666666667 0.11134259259259259 0.013369791666666705 0.015037037037037045
0 0.8162031249999999 0.098 0.009276041666666639 0.016490740740740743
0 0.842265625 0.09896296296296296 0.009005208333333315 0.012611111111111115
1 0.85140625 0.0912037037037037 0.007640625000000038 0.021342592592592604
0 0.8362604166666666 0.09726851851851852 0.007911458333333362 0.010185185185185186
0 0.83203125 0.09096296296296295 0.006005208333333438 0.014064814814814813
0 0.8638229166666667 0.0800462962962963 0.004093750000000066 0.005824074074074067
0 0.85659375 0.07762037037037037 0.00436458333333339 0.007759259259259255
0 0.8447239583333332 0.0815 0.0035468749999999715 0.005824074074074067
0 0.872421875 0.09824074074074074 0.007093749999999943 0.009212962962962952
0 0.8762395833333334 0.08975000000000001 0.005458333333333343 0.007759259259259255
1 0.8828229166666667 0.07368518518518519 0.004307291666666657 0.009574074074074077
1 0.8770572916666667 0.07450925925925926 0.005385416666666742 0.011212962962962975
0 0.8666770833333334 0.06903703703703704 0.003999999999999915 0.00574074074074073
