3 0.7299479166666667 0.8472222222222222 0.0140625 0.03148148148148148
3 0.78671875 0.8578703703703704 0.013020833333333334 0.04351851851851852
5 0.4044270833333333 0.7657407407407407 0.09739583333333333 0.10833333333333334
5 0.26171875 0.6930555555555555 0.1015625 0.09722222222222222
5 0.7135416666666666 0.7509259259259259 0.07864583333333333 0.12037037037037036
5 0.03411458333333333 0.8101851851851852 0.06822916666666666 0.11851851851851852
5 0.6473958333333333 0.462037037037037 0.0375 0.04351851851851852
5 0.5510416666666667 0.43333333333333335 0.0375 0.044444444444444446
5 0.7263020833333333 0.38796296296296295 0.025520833333333333 0.03148148148148148
5 0.6263020833333334 0.38055555555555554 0.025520833333333333 0.030555555555555555
4 0.6911458333333333 0.34629629629629627 0.036458333333333336 0.05925925925925926
5 0.3184895833333333 0.40925925925925927 0.0375 0.037037037037037035
5 0.79140625 0.3125 0.015625 0.022222222222222223
2 0.7528645833333333 0.8125 0.018229166666666668 0.09907407407407408
5 0.055989583333333336 0.9560185185185185 0.11197916666666667 0.08796296296296297
2 0.6221354166666667 0.7587962962962963 0.022916666666666665 0.09814814814814815
5 0.81796875 0.2814814814814815 0.015625 0.030555555555555555
4 0.8359375 0.2564814814814815 0.015625 0.03333333333333333
5 0.7796875 0.3013888888888889 0.013020833333333334 0.017592592592592594
5 0.0765625 0.4861111111111111 0.05364583333333333 0.044444444444444446
5 0.7208333333333333 0.33101851851851855 0.017708333333333333 0.022222222222222223
5 0.5708333333333333 0.7423981481481481 0.09635416666666667 0.1259259259259259
5 0.8028645833333333 0.25416666666666665 0.0078125 0.011111111111111112
5 0.7692708333333333 0.2800925925925926 0.0125 0.012962962962962963
5 0.7794270833333333 0.2865740740740741 0.011458333333333333 0.014814814814814815
5 0.7296875 0.3523148148148148 0.021354166666666667 0.03148148148148148
5 0.8059895833333334 0.2657407407407407 0.0109375 0.012962962962962963
5 0.7880208333333333 0.2662037037037037 0.008854166666666666 0.011111111111111112
5 0.81953125 0.25046296296296294 0.008854166666666666 0.012962962962962963
5 0.7578125 0.29259259259259257 0.0140625 0.016666666666666666
5 0.72265625 0.3101851851851852 0.0171875 0.021296296296296296
2 0.7036458333333333 0.8 0.019270833333333334 0.08425925925925926