3 0.5166666666666667 0.9884259259259259 0.027083333333333334 0.021296296296296296
5 0.42604166666666665 0.7574074074074074 0.0734375 0.0962962962962963
5 0.6072916666666667 0.5768518518518518 0.03958333333333333 0.06574074074074074
5 0.4546875 0.6222222222222222 0.05260416666666667 0.062037037037037036
4 0.5838541666666667 0.4837962962962963 0.04114583333333333 0.08055555555555556
5 0.5567708333333333 0.5532407407407407 0.0375 0.04722222222222222
5 0.5544270833333333 0.4736111111111111 0.025520833333333333 0.040740740740740744
5 0.6190104166666667 0.3958333333333333 0.019791666666666666 0.022222222222222223
5 0.6385416666666667 0.3476851851851852 0.009895833333333333 0.01574074074074074
4 0.640625 0.3962962962962963 0.021354166666666667 0.044444444444444446
4 0.34239583333333334 0.5030555555555555 0.12291666666666666 0.1294259259259259
5 0.6984375 0.3560185185185185 0.0109375 0.017592592592592594
5 0.6559895833333333 0.39490740740740743 0.0109375 0.019444444444444445
4 0.6401041666666667 0.39225 0.028125 0.054120370370370416