3 0.7583333333333333 0.4013888888888889 0.01875 0.025
5 0.1984375 0.3731481481481482 0.1015625 0.08148148148148149
5 0.428125 0.25277777777777777 0.05625 0.046296296296296294
4 0.8200520833333333 0.2773148148148148 0.0765625 0.15
4 0.7408854166666666 0.13703703703703704 0.023958333333333335 0.03981481481481482
4 0.8752604166666667 0.13564814814814816 0.030208333333333334 0.062037037037037036
4 0.7916666666666666 0.12453703703703704 0.025520833333333333 0.044444444444444446
4 0.8872395833333333 0.09675925925925925 0.0140625 0.02962962962962963
5 0.6494791666666667 0.16435185185185186 0.026041666666666668 0.025
5 0.8713541666666667 0.1037037037037037 0.011979166666666667 0.017592592592592594
5 0.6497395833333334 0.16342592592592592 0.0265625 0.026851851851851852
5 0.8231770833333333 0.09305555555555556 0.008854166666666666 0.014814814814814815
5 0.81953125 0.11388888888888889 0.013541666666666667 0.021296296296296296
5 0.8106770833333333 0.10462962962962963 0.014583333333333334 0.01574074074074074
4 0.8492083333333333 0.09243518518518519 0.00873437499999999 0.025138888888888895
5 0.8396406249999999 0.10168518518518518 0.00873437499999999 0.014046296296296284
5 0.8327760416666667 0.09835185185185186 0.009984375000000038 0.014787037037037036
5 0.8357291666666666 0.08880555555555555 0.0059322916666666005 0.008240740740740746
5 0.86353125 0.07957407407407407 0.005562499999999915 0.0049444444444444475
5 0.8558385416666667 0.07875 0.004260416666666582 0.007250000000000012
5 0.8760416666666667 0.08912962962962963 0.0053750000000000854 0.00955555555555555
4 0.8774322916666667 0.07447222222222223 0.005562499999999915 0.011203703703703698
4 0.8821614583333334 0.07462962962962963 0.0053750000000000854 0.010212962962962964