0 0.42421875 0.6550925925925926 0.05625 0.06944444444444445
0 0.5166666666666667 0.6416666666666667 0.049479166666666664 0.07592592592592592
0 0.5697916666666667 0.7125 0.05260416666666667 0.09537037037037037
0 0.35833333333333334 0.586574074074074 0.0578125 0.06759259259259259
0 0.5747395833333333 0.5074074074074074 0.030729166666666665 0.04259259259259259
0 0.6294270833333333 0.425462962962963 0.01875 0.027777777777777776
0 0.6619791666666667 0.37777777777777777 0.013541666666666667 0.019444444444444445
0 0.5919270833333333 0.43194444444444446 0.019270833333333334 0.030555555555555555
0 0.6565104166666667 0.43842592592592594 0.022395833333333334 0.03333333333333333
0 0.6473958333333333 0.36944444444444446 0.015625 0.017592592592592594
0 0.6692708333333334 0.3476851851851852 0.008333333333333333 0.014814814814814815
