3 0.084765625 0.9 0.02890625 0.022222222222222223
4 0.474609375 0.41805555555555557 0.05390625 0.12916666666666668
4 0.4328125 0.36944444444444446 0.0484375 0.1111111111111111
5 0.7953125 0.5451388888888888 0.06640625 0.09305555555555556
4 0.763671875 0.3416666666666667 0.05234375 0.08194444444444444
5 0.648046875 0.38958333333333334 0.03671875 0.05416666666666667
4 0.6421875 0.22569444444444445 0.04453125 0.07777777777777778
4 0.693359375 0.25069444444444444 0.03515625 0.06944444444444445
4 0.487109375 0.23541666666666666 0.02265625 0.05138888888888889
4 0.455078125 0.2375 0.0203125 0.041666666666666664
5 0.418359375 0.18333333333333332 0.0125 0.018055555555555554
5 0.444921875 0.20694444444444443 0.0140625 0.019444444444444445
5 0.578125 0.2513888888888889 0.02578125 0.03611111111111111
5 0.465625 0.21736111111111112 0.01328125 0.02638888888888889
5 0.50234375 0.23125 0.015625 0.025
5 0.550390625 0.22847222222222222 0.0140625 0.02361111111111111
5 0.5415078125 0.4559305555555555 0.04486718750000005 0.0911388888888889
5 0.8304765625 0.42715277777777777 0.05441406250000007 0.09141666666666673
5 0.9371328125 0.5787083333333334 0.09518750000000012 0.14966666666666664
5 0.712796875 0.2875972222222222 0.033218749999999984 0.055416666666666635
4 0.5337265625 0.19315277777777776 0.02582812499999996 0.04195833333333333
5 0.63690625 0.27929166666666666 0.022835937500000014 0.033513888888888885