3 0.53359375 0.9685185185185186 0.027604166666666666 0.024074074074074074
4 0.12630208333333334 0.6486111111111111 0.2526041666666667 0.2824074074074074
5 0.3859375 0.8930555555555556 0.10572916666666667 0.14629629629629629
5 0.5479166666666667 0.5537037037037037 0.0390625 0.05277777777777778
5 0.5372395833333333 0.5023148148148148 0.03333333333333333 0.041666666666666664
4 0.6177083333333333 0.4305555555555556 0.030729166666666665 0.06111111111111111
4 0.61640625 0.44027777777777777 0.034375 0.08148148148148149
0 0.65625 0.37546296296296294 0.019791666666666666 0.03888888888888889
5 0.5955729166666667 0.42268518518518516 0.017708333333333333 0.025925925925925925
5 0.5963541666666666 0.4287037037037037 0.016666666666666666 0.026851851851851852
4 0.6377604166666667 0.48518518518518516 0.027604166666666666 0.044444444444444446
5 0.6401041666666667 0.37453703703703706 0.0140625 0.016666666666666666
5 0.6109375 0.4666666666666667 0.026041666666666668 0.03425925925925926