3 0.50390625 0.9703703703703703 0.0203125 0.05555555555555555
3 0.5630208333333333 0.32731481481481484 0.0375 0.03425925925925926
4 0.7427083333333333 0.27824074074074073 0.04010416666666667 0.07222222222222222
4 0.553125 0.25092592592592594 0.03125 0.07685185185185185
5 0.6807291666666667 0.2722222222222222 0.028125 0.04351851851851852
4 0.6669270833333333 0.17407407407407408 0.021875 0.03611111111111111
4 0.5078125 0.1625 0.017708333333333333 0.03981481481481482
4 0.5708333333333333 0.14212962962962963 0.0140625 0.024074074074074074
3 0.0725 0.949425925925926 0.04000000000000001 0.09070370370370373
3 0.21395833333333333 0.7279074074074074 0.03708333333333336 0.07730555555555556
3 0.27989583333333334 0.6234444444444445 0.02020833333333331 0.060972222222222136
3 0.31708333333333333 0.5552870370370371 0.025833333333333285 0.061694444444444545
3 0.3575 0.49138888888888893 0.014999999999999977 0.05018518518518523
3 0.386015625 0.4431851851851852 0.011619791666666638 0.030129629629629597
3 0.41300000000000003 0.39694444444444443 0.016171874999999978 0.041675925925925915
3 0.42970312499999996 0.3668888888888889 0.013328124999999958 0.037037037037037035
3 0.44291145833333334 0.34925925925925927 0.012109375 0.04079629629629635
3 0.45388020833333337 0.3270740740740741 0.014874999999999972 0.029657407407407382
3 0.4661145833333334 0.30950925925925926 0.010567708333333314 0.021999999999999992
3 0.4795260416666667 0.28891666666666665 0.009755208333333343 0.030805555555555537
3 0.48748958333333337 0.2765648148148148 0.009427083333333286 0.02661111111111112
3 0.49602083333333336 0.2654444444444444 0.00845312500000001 0.026324074074074028