0 0.06848958333333334 0.9375 0.13697916666666668 0.125
0 0.12604166666666666 0.7268518518518519 0.11302083333333333 0.09166666666666666
0 0.7135416666666666 0.7513888888888889 0.0796875 0.12407407407407407
1 0.4861979166666667 0.4976296296296297 0.08333333333333333 0.12603703703703698
0 0.5872395833333334 0.4083333333333333 0.0359375 0.044444444444444446
0 0.7372395833333333 0.3800925925925926 0.022916666666666665 0.037037037037037035
0 0.68125 0.4013888888888889 0.027604166666666666 0.037037037037037035
1 0.7890625 0.3162037037037037 0.022395833333333334 0.04259259259259259
1 0.8200520833333333 0.275 0.021354166666666667 0.04351851851851852
0 0.66484375 0.35324074074074074 0.0234375 0.03148148148148148
0 0.77421875 0.30694444444444446 0.0140625 0.021296296296296296
0 0.5786458333333333 0.7527777777777778 0.096875 0.1287037037037037
0 0.7151041666666667 0.3428055555555556 0.020833333333333332 0.02272222222222219
0 0.7643229166666666 0.29814814814814816 0.0125 0.017592592592592594
0 0.543484375 0.5245185185185185 0.05467708333333334 0.06755555555555559
0 0.7765625 0.27361111111111114 0.011458333333333333 0.014814814814814815
0 0.7557291666666667 0.2875 0.011979166666666667 0.016666666666666666
0 0.71484375 0.3199074074074074 0.019270833333333334 0.021296296296296296
0 0.5780729166666667 0.7542592592592593 0.096875 0.12962962962962962
0 0.80546875 0.25324074074074077 0.008854166666666666 0.011111111111111112
0 0.8325520833333333 0.2537037037037037 0.008854166666666666 0.014814814814814815
2 0.097734375 0.4381851851851852 0.11091145833333332 0.10083333333333336
0 0.7933645833333334 0.2724351851851852 0.011458333333333333 0.01574074074074074
