3 0.5036458333333333 0.9699074074074074 0.020833333333333332 0.05462962962962963
3 0.5630208333333333 0.3282407407407407 0.0375 0.03425925925925926
4 0.27734375 0.4351851851851852 0.0859375 0.16203703703703703
4 0.73828125 0.22592592592592592 0.03125 0.05925925925925926
4 0.7015625 0.23657407407407408 0.0296875 0.058333333333333334
4 0.553125 0.25092592592592594 0.03229166666666667 0.07685185185185185
4 0.5200520833333333 0.1537037037037037 0.013541666666666667 0.03148148148148148
5 0.5877604166666667 0.1625 0.010416666666666666 0.017592592592592594
3 0.07427083333333333 0.9488703703703704 0.02645833333333334 0.09476851851851843
3 0.2125 0.7286481481481482 0.025 0.07878703703703696
3 0.278125 0.6177037037037038 0.01875 0.06060185185185189
3 0.31708333333333333 0.5554722222222221 0.025833333333333285 0.0694722222222222
3 0.3588177083333333 0.49529629629629623 0.015036458333333277 0.04481481481481485
3 0.38504166666666667 0.44599074074074074 0.019369791666666695 0.04244444444444447
3 0.413015625 0.3948611111111111 0.016359375000000044 0.04713888888888886
3 0.43057812500000003 0.36983333333333335 0.012994791666666691 0.035583333333333286
3 0.4413489583333333 0.34833333333333333 0.016484375000000048 0.03236111111111115
3 0.45440104166666667 0.3282314814814815 0.015401041666666634 0.03492592592592595
3 0.466671875 0.30748148148148147 0.012994791666666691 0.028499999999999973
3 0.4785833333333333 0.2885462962962963 0.010348958333333276 0.026999999999999972
3 0.4886875 0.27763888888888894 0.011307291666666686 0.026564814814814864
3 0.49618749999999995 0.2617129629629629 0.009463541666666705 0.018240740740740783
3 0.33764062499999997 0.3157037037037037 0.00841666666666671 0.02824999999999999
3 0.5032656249999999 0.2528888888888889 0.009635416666666667 0.021379629629629658
2 0.36380208333333336 0.9212962962962963 0.03333333333333333 0.15092592592592594