3 0.50390625 0.9699074074074074 0.0203125 0.05462962962962963
3 0.5625 0.32731481481481484 0.03958333333333333 0.03425925925925926
4 0.665625 0.19166666666666668 0.019791666666666666 0.040740740740740744
4 0.5528645833333333 0.25046296296296294 0.03177083333333333 0.07685185185185185
2 0.40182291666666664 0.8592592592592593 0.028645833333333332 0.14629629629629629
4 0.7036458333333333 0.19675925925925927 0.026041666666666668 0.04722222222222222
4 0.5205729166666667 0.16111111111111112 0.0140625 0.03333333333333333
3 0.07447916666666667 0.9453703703703704 0.027083333333333334 0.08888888888888889
3 0.21041666666666667 0.725925925925926 0.023958333333333335 0.06851851851851852
3 0.2791666666666667 0.6199074074074075 0.019791666666666666 0.05648148148148148
3 0.31875 0.5578703703703703 0.014583333333333334 0.04351851851851852
3 0.3567708333333333 0.4935185185185185 0.014583333333333334 0.03888888888888889
3 0.38619791666666664 0.44351851851851853 0.0140625 0.03888888888888889
3 0.4122395833333333 0.39444444444444443 0.009895833333333333 0.03333333333333333
3 0.43020833333333336 0.3699074074074074 0.010416666666666666 0.032407407407407406
3 0.44140625 0.34629629629629627 0.0109375 0.02962962962962963
3 0.4671875 0.3060185185185185 0.009375 0.026851851851851852
3 0.48072916666666665 0.2865740740740741 0.008333333333333333 0.025
3 0.4890625 0.274537037037037 0.007291666666666667 0.023148148148148147
3 0.49723958333333335 0.2612037037037037 0.003958333333333286 0.019259259259259216
3 0.5036979166666666 0.2541203703703704 0.0046875 0.016018518518518477
3 0.5092447916666667 0.24393518518518517 0.004218749999999953 0.015648148148148126
3 0.5118489583333333 0.23662037037037037 0.004010416666666691 0.015462962962962979
3 0.5157552083333333 0.22958333333333333 0.004531250000000024 0.01694444444444443
5 0.5712499999999999 0.1525462962962963 0.008229166666666761 0.009907407407407396
5 0.56421875 0.14837962962962964 0.005833333333333238 0.010648148148148148
5 0.49446875 0.14543518518518517 0.008119791666666624 0.01058333333333334