3 0.5033854166666667 0.9699074074074074 0.0203125 0.05462962962962963
3 0.5627604166666667 0.3277777777777778 0.03802083333333333 0.03518518518518519
5 0.9536458333333333 0.9138888888888889 0.09270833333333334 0.17222222222222222
2 0.42213541666666665 0.8152777777777778 0.0359375 0.13518518518518519
4 0.5528645833333333 0.24953703703703703 0.03125 0.07777777777777778
4 0.6848958333333334 0.18425925925925926 0.022395833333333334 0.040740740740740744
4 0.51875 0.17175925925925925 0.016666666666666666 0.03796296296296296
4 0.6479166666666667 0.175 0.017708333333333333 0.03333333333333333
3 0.071875 0.9351851851851852 0.03125 0.08148148148148149
3 0.21145833333333333 0.725 0.016666666666666666 0.053703703703703705
3 0.2780052083333333 0.617212962962963 0.014359374999999968 0.03944444444444436
3 0.318140625 0.5557222222222222 0.011093749999999977 0.03480555555555548
3 0.357296875 0.4948148148148148 0.013703124999999972 0.04060185185185177
3 0.38551562500000003 0.4432592592592593 0.008010416666666723 0.03025925925925921
3 0.41280208333333335 0.3929722222222222 0.008510416666666624 0.02759259259259255
3 0.42982291666666667 0.3684907407407408 0.008510416666666624 0.028481481481481472
3 0.4418385416666667 0.3484629629629629 0.008510416666666624 0.02759259259259255
3 0.46611979166666667 0.30662962962962964 0.007010416666666686 0.022249999999999975
3 0.47939062499999996 0.28437962962962965 0.004505208333333381 0.0169074074074074
3 0.4886510416666667 0.2736944444444444 0.006010416666666647 0.01512962962962966
3 0.49651562499999996 0.26103703703703707 0.004890625000000052 0.014037037037037008
3 0.503859375 0.25249074074074074 0.004276041666666686 0.013675925925925909
3 0.50884375 0.24412962962962964 0.003416666666666638 0.013166666666666691
3 0.512265625 0.23628703703703705 0.004557291666666667 0.012666666666666647
3 0.51625 0.22716666666666668 0.003416666666666638 0.009620370370370357
3 0.5195260416666667 0.22032407407407406 0.003135416666666657 0.010129629629629627
3 0.33861458333333333 0.31504629629629627 0.0048437499999999765 0.015194444444444415
3 0.3447395833333333 0.3102314814814815 0.003416666666666638 0.013675925925925909
3 0.34772916666666664 0.30516666666666664 0.0037031249999999478 0.014685185185185199
3 0.3511458333333334 0.3056759259259259 0.003135416666666657 0.014685185185185199
3 0.39801562500000004 0.26362962962962966 0.003989583333333376 0.014685185185185199
3 0.405421875 0.2585648148148148 0.003989583333333376 0.00861111111111107
3 0.41853125 0.24312037037037038 0.005697916666666695 0.014185185185185205
3 0.4267916666666667 0.23602777777777775 0.004557291666666667 0.009120370370370365
3 0.5225000000000001 0.2154537037037037 0.002234374999999981 0.009685185185185166
3 0.5249427083333333 0.21012037037037037 0.0023749999999999718 0.0069537037037036955
3 0.5718854166666667 0.19586111111111112 0.01380729166666678 0.01707407407407407
5 0.5028229166666667 0.15003703703703702 0.007093749999999943 0.0069351851851851935
5 0.48181250000000003 0.13884259259259257 0.0037239583333333807 0.0047314814814814945
4 0.48899479166666665 0.12608333333333333 0.011348958333333315 0.015759259259259254