3 0.261328125 0.6923611111111111 0.01953125 0.018055555555555554
4 0.69921875 0.4013888888888889 0.0203125 0.04027777777777778
4 0.7125 0.46458333333333335 0.03515625 0.075
4 0.59765625 0.42430555555555555 0.03203125 0.06527777777777778
5 0.63203125 0.4215277777777778 0.015625 0.02638888888888889
5 0.676171875 0.41388888888888886 0.0140625 0.022222222222222223
5 0.69453125 0.6881944444444444 0.04453125 0.075
5 0.634375 0.39166666666666666 0.0109375 0.016666666666666666
5 0.68359375 0.3854166666666667 0.01328125 0.016666666666666666
4 0.7819140625 0.48890277777777774 0.051484374999999985 0.05152777777777781
4 0.5954609375000001 0.38681944444444444 0.013468750000000007 0.02531944444444447