0 0.40911458333333334 0.649074074074074 0.07604166666666666 0.08333333333333333
0 0.2989583333333333 0.6611111111111111 0.08697916666666666 0.0824074074074074
1 0.7348958333333333 0.3648148148148148 0.0515625 0.08611111111111111
0 0.58125 0.4125 0.03229166666666667 0.03981481481481482
0 0.7114583333333333 0.7578703703703704 0.0828125 0.13518518518518519
0 0.6486979166666667 0.38842592592592595 0.028645833333333332 0.037037037037037035
0 0.77734375 0.30324074074074076 0.015104166666666667 0.020370370370370372
1 0.5958333333333333 0.5212962962962963 0.07447916666666667 0.11851851851851852
1 0.7111979166666667 0.34675925925925927 0.041666666666666664 0.06481481481481481
0 0.765625 0.29444444444444445 0.0140625 0.018518518518518517
0 0.6700520833333333 0.3490740740740741 0.023958333333333335 0.025
0 0.7434895833333334 0.2935185185185185 0.015104166666666667 0.018518518518518517
0 0.7848958333333333 0.2810185185185185 0.011458333333333333 0.014814814814814815
0 0.8111979166666666 0.28935185185185186 0.013020833333333334 0.028703703703703703
0 0.01171875 0.8171296296296297 0.0234375 0.07407407407407407
0 0.7984375 0.27037037037037037 0.009895833333333333 0.012962962962962963
0 0.575890625 0.7523796296296297 0.09427083333333333 0.12962962962962962
0 0.8109375 0.27175925925925926 0.010416666666666666 0.013888888888888888
0 0.79453125 0.25833333333333336 0.008854166666666666 0.012962962962962963
1 0.8447916666666667 0.2490740740740741 0.009895833333333333 0.016666666666666666
0 0.7786458333333334 0.2675925925925926 0.007291666666666667 0.012962962962962963
0 0.7854166666666667 0.2652777777777778 0.010416666666666666 0.013888888888888888
0 0.8234375 0.25833333333333336 0.008333333333333333 0.012037037037037037
2 0.43526562500000004 0.3287037037037037 0.04910937499999998 0.03836111111111107
