0 0.39739583333333334 0.9259259259259259 0.15104166666666666 0.14166666666666666
0 0.5533854166666666 0.39537037037037037 0.05364583333333333 0.05462962962962963
0 0.49453125 0.2351851851851852 0.03697916666666667 0.03796296296296296
2 0.6265625 0.24675925925925926 0.030729166666666665 0.03888888888888889
3 0.6424479166666667 0.4050925925925926 0.0203125 0.05277777777777778
0 0.15182291666666667 0.21712962962962962 0.030729166666666665 0.019444444444444445
0 0.48411458333333335 0.22083333333333333 0.028125 0.027777777777777776
0 0.12005208333333334 0.21851851851851853 0.029166666666666667 0.019444444444444445
0 0.7184895833333333 0.1712962962962963 0.0171875 0.019444444444444445
0 0.19244791666666666 0.21203703703703702 0.0328125 0.016666666666666666
