3 0.5252604166666667 0.9486111111111111 0.0265625 0.030555555555555555
5 0.48776041666666664 0.6703703703703704 0.05260416666666667 0.07407407407407407
5 0.61328125 0.5416666666666666 0.035416666666666666 0.05555555555555555
5 0.5309895833333333 0.5092592592592593 0.0328125 0.046296296296296294
5 0.5932291666666667 0.48842592592592593 0.028125 0.03888888888888889
5 0.6390625 0.4101851851851852 0.019270833333333334 0.026851851851851852
5 0.6216145833333333 0.3958333333333333 0.020833333333333332 0.025
5 0.5135416666666667 0.4444444444444444 0.0234375 0.032407407407407406
5 0.6736979166666667 0.3958333333333333 0.014583333333333334 0.025
5 0.66171875 0.3800925925925926 0.015625 0.018518518518518517
5 0.6486979166666667 0.3699074074074074 0.011979166666666667 0.017592592592592594