3 0.50390625 0.9703703703703703 0.021354166666666667 0.053703703703703705
3 0.5627604166666667 0.32731481481481484 0.0390625 0.03425925925925926
4 0.3606770833333333 0.3685185185185185 0.08854166666666667 0.16944444444444445
4 0.5528645833333333 0.25092592592592594 0.03125 0.07592592592592592
4 0.6981770833333333 0.21712962962962962 0.03697916666666667 0.06944444444444445
2 0.4640625 0.6726851851851852 0.026041666666666668 0.11018518518518519
5 0.6260416666666667 0.21944444444444444 0.019270833333333334 0.027777777777777776
4 0.5216145833333333 0.1699074074074074 0.013541666666666667 0.027777777777777776
5 0.6184895833333334 0.17685185185185184 0.0125 0.017592592592592594
3 0.0721875 0.9355925925925926 0.033958333333333326 0.07785185185185178
3 0.21281250000000002 0.7117685185185185 0.019375000000000024 0.07836111111111121
3 0.28489583333333335 0.6206944444444444 0.030208333333333334 0.07397222222222231
3 0.3204166666666667 0.5527500000000001 0.03250000000000005 0.06772222222222231
3 0.36000000000000004 0.49647222222222226 0.02833333333333338 0.04406481481481474
3 0.385 0.4364907407407408 0.02000000000000005 0.04262037037037034
3 0.4142708333333333 0.39502777777777776 0.018124999999999978 0.04856481481481486
3 0.4317708333333333 0.3715185185185185 0.011458333333333333 0.042287037037037
3 0.4516666666666667 0.34874074074074074 0.02833333333333338 0.05229629629629631