0 0.3333333333333333 0.8490740740740741 0.12239583333333333 0.13333333333333333
0 0.16197916666666667 0.7712962962962963 0.1265625 0.11851851851851852
0 0.71328125 0.7509259259259259 0.0796875 0.12314814814814815
0 0.6278645833333333 0.48194444444444445 0.04375 0.04814814814814815
0 0.5328125 0.4449074074074074 0.04114583333333333 0.04722222222222222
0 0.71484375 0.39861111111111114 0.027083333333333334 0.032407407407407406
1 0.6833333333333333 0.3527777777777778 0.03802083333333333 0.06018518518518518
0 0.61328125 0.38935185185185184 0.028645833333333332 0.032407407407407406
1 0.8166666666666667 0.28379629629629627 0.016666666666666666 0.032407407407407406
0 0.10338541666666666 0.4791666666666667 0.04375 0.044444444444444446
0 0.71328125 0.3365740740740741 0.01875 0.022222222222222223
1 0.5791666666666667 0.7523148148148148 0.096875 0.12777777777777777
0 0.77578125 0.3050925925925926 0.014583333333333334 0.018518518518518517
1 0.8348958333333333 0.25787037037037036 0.016666666666666666 0.032407407407407406
0 0.7890625 0.31527777777777777 0.016145833333333335 0.023148148148148147
0 0.7169270833333333 0.3143518518518518 0.018229166666666668 0.021296296296296296
0 0.753125 0.2953703703703704 0.0140625 0.016666666666666666
0 0.8036458333333333 0.2662037037037037 0.011458333333333333 0.012962962962962963
0 0.7770833333333333 0.2884259259259259 0.0125 0.016666666666666666
0 0.76640625 0.2828703703703704 0.0125 0.012962962962962963
0 0.7861979166666667 0.2671296296296296 0.009375 0.012037037037037037
0 0.8182291666666667 0.2513888888888889 0.008854166666666666 0.012962962962962963
0 0.72421875 0.3592592592592593 0.022395833333333334 0.032407407407407406
0 0.57890625 0.7523148148148148 0.096875 0.12685185185185185
0 0.8013020833333333 0.25555555555555554 0.008333333333333333 0.012962962962962963
0 0.3394479166666667 0.3999166666666667 0.03466145833333331 0.03299074074074074
0 0.2955052083333333 0.38342592592592595 0.030109374999999973 0.027388888888888928
0 0.2692447916666667 0.4033425925925926 0.03360937499999998 0.01991666666666666
