3 0.7864583333333334 0.8583333333333333 0.0125 0.04259259259259259
3 0.73046875 0.8462962962962963 0.0140625 0.03148148148148148
5 0.7135416666666666 0.7518518518518519 0.078125 0.12222222222222222
4 0.3778020833333333 0.5807129629629629 0.11290104166666666 0.14476851851851844
5 0.6348958333333333 0.45 0.034375 0.04351851851851852
5 0.5263020833333333 0.449537037037037 0.04479166666666667 0.05
5 0.7197916666666667 0.4041666666666667 0.026041666666666668 0.03981481481481482
5 0.4332708333333333 0.6293055555555556 0.078125 0.08981481481481482
4 0.7791666666666667 0.32592592592592595 0.024479166666666666 0.044444444444444446
5 0.6317708333333333 0.37592592592592594 0.028125 0.03611111111111111
5 0.6903645833333333 0.36203703703703705 0.0234375 0.02962962962962963
0 0.19479166666666667 0.4097222222222222 0.10208333333333333 0.09074074074074075
5 0.7622395833333333 0.3194444444444444 0.015625 0.022222222222222223
2 0.7528645833333333 0.812037037037037 0.01875 0.09814814814814815
5 0.7513020833333334 0.30833333333333335 0.015625 0.018518518518518517
4 0.81484375 0.2796296296296296 0.022395833333333334 0.041666666666666664
4 0.57890625 0.7532407407407408 0.09583333333333334 0.12685185185185185
5 0.6955729166666667 0.3351851851851852 0.019791666666666666 0.021296296296296296
2 0.6190104166666667 0.749537037037037 0.0171875 0.0962962962962963
5 0.7856770833333333 0.2773148148148148 0.011979166666666667 0.016666666666666666
5 0.82890625 0.25601851851851853 0.008333333333333333 0.012037037037037037
5 0.7463541666666667 0.29398148148148145 0.011458333333333333 0.01574074074074074
5 0.7705729166666667 0.2777777777777778 0.011979166666666667 0.013888888888888888
5 0.5791666666666667 0.7532407407407408 0.09583333333333334 0.12685185185185185
5 0.085890625 0.5031018518518519 0.064015625 0.04502777777777788
5 0.11444270833333332 0.46585185185185185 0.048354166666666656 0.02619444444444441
5 0.32190624999999995 0.40075925925925926 0.02670833333333332 0.022101851851851855