0 0.11458333333333333 0.8037037037037037 0.13020833333333334 0.11296296296296296
0 0.28229166666666666 0.7638888888888888 0.10416666666666667 0.10740740740740741
0 0.57734375 0.7532407407407408 0.0953125 0.1287037037037037
1 0.7213541666666666 0.3800925925925926 0.05520833333333333 0.09537037037037037
0 0.7111979166666667 0.7560185185185185 0.08385416666666666 0.13425925925925927
0 0.62109375 0.4101851851851852 0.0328125 0.04259259259259259
0 0.54765625 0.43472222222222223 0.03802083333333333 0.04351851851851852
0 0.7690104166666667 0.30972222222222223 0.015104166666666667 0.021296296296296296
1 0.5513020833333333 0.5680555555555555 0.09322916666666667 0.13425925925925927
0 0.6544270833333333 0.3578703703703704 0.024479166666666666 0.030555555555555555
1 0.6932291666666667 0.3592592592592593 0.04583333333333333 0.07037037037037037
0 0.8072916666666666 0.29444444444444445 0.014583333333333334 0.027777777777777776
0 0.7794270833333333 0.2847222222222222 0.013020833333333334 0.01574074074074074
0 0.75859375 0.29953703703703705 0.0140625 0.019444444444444445
0 0.73515625 0.29907407407407405 0.015104166666666667 0.018518518518518517
0 0.7932291666666667 0.27361111111111114 0.010416666666666666 0.013888888888888888
0 0.8307291666666666 0.2652777777777778 0.009375 0.013888888888888888
0 0.8130208333333333 0.25787037037037036 0.007291666666666667 0.012037037037037037
0 0.7776041666666667 0.2675925925925926 0.011458333333333333 0.012962962962962963
0 0.8203125 0.2601851851851852 0.008333333333333333 0.012962962962962963
0 0.84296875 0.24861111111111112 0.011979166666666667 0.023148148148148147
0 0.146578125 0.45436111111111105 0.07440625000000001 0.07010185185185183
2 0.4653541666666667 0.32378703703703704 0.0719114583333333 0.05650925925925923
