0 0.7135416666666666 0.7513888888888889 0.07864583333333333 0.12129629629629629
0 0.575 0.5319444444444444 0.050520833333333334 0.05740740740740741
0 0.49114583333333334 0.47453703703703703 0.046875 0.053703703703703705
0 0.6872395833333333 0.42407407407407405 0.03125 0.037037037037037035
1 0.5791666666666667 0.7527777777777778 0.09583333333333334 0.12685185185185185
1 0.6674479166666667 0.36666666666666664 0.03802083333333333 0.06388888888888888
0 0.18515625 0.45 0.05260416666666667 0.04351851851851852
0 0.5854166666666667 0.4101851851851852 0.030729166666666665 0.03518518518518519
0 0.7666666666666667 0.31296296296296294 0.013541666666666667 0.018518518518518517
0 0.7440104166666667 0.30277777777777776 0.0140625 0.01574074074074074
0 0.3809895833333333 0.38472222222222224 0.03333333333333333 0.032407407407407406
0 0.6971354166666667 0.3486111111111111 0.021875 0.025
0 0.3151041666666667 0.38842592592592595 0.034375 0.03333333333333333
1 0.8135416666666667 0.2865740740740741 0.016145833333333335 0.03148148148148148
1 0.8333333333333334 0.25925925925925924 0.016666666666666666 0.03518518518518519
0 0.7838541666666666 0.3226851851851852 0.015625 0.025
0 0.7057291666666666 0.3236111111111111 0.019791666666666666 0.022222222222222223
0 0.7111979166666667 0.3712962962962963 0.023958333333333335 0.03425925925925926
0 0.76015625 0.2861111111111111 0.013541666666666667 0.012037037037037037
0 0.7703125 0.2935185185185185 0.013020833333333334 0.016666666666666666
0 0.7825520833333334 0.26851851851851855 0.008854166666666666 0.012962962962962963
0 0.7989583333333333 0.26944444444444443 0.009895833333333333 0.013888888888888888
0 0.8161458333333333 0.2537037037037037 0.008854166666666666 0.012037037037037037
0 0.7979166666666667 0.25833333333333336 0.008333333333333333 0.011111111111111112
0 0.57890625 0.7527777777777778 0.09583333333333334 0.12685185185185185
0 0.097734375 0.4599722222222222 0.055635416666666666 0.049888888888888934
0 0.022651041666666663 0.5269351851851852 0.045296875 0.04201851851851862
