3 0.5036458333333333 0.9680555555555556 0.020833333333333332 0.05648148148148148
3 0.5622395833333333 0.32916666666666666 0.03802083333333333 0.032407407407407406
5 0.6984375 0.4930555555555556 0.053125 0.0787037037037037
4 0.5515625 0.25046296296296294 0.03125 0.075
4 0.4890625 0.18287037037037038 0.021875 0.049074074074074076
5 0.6203125 0.17222222222222222 0.013541666666666667 0.018518518518518517
4 0.6354166666666666 0.15601851851851853 0.015625 0.025
4 0.5046875 0.1675925925925926 0.017708333333333333 0.03518518518518519
4 0.6622395833333333 0.1865740740740741 0.019270833333333334 0.03981481481481482
3 0.075 0.9444444444444444 0.03125 0.0962962962962963
3 0.21223958333333334 0.7277777777777777 0.022395833333333334 0.07222222222222222
3 0.27786458333333336 0.6180555555555556 0.015104166666666667 0.05648148148148148
3 0.3184895833333333 0.5560185185185185 0.0171875 0.049074074074074076
3 0.3567708333333333 0.4925925925925926 0.013541666666666667 0.046296296296296294
3 0.38619791666666664 0.44212962962962965 0.013020833333333334 0.03611111111111111
3 0.41354166666666664 0.39305555555555555 0.010416666666666666 0.03611111111111111
3 0.42864583333333334 0.3675925925925926 0.011458333333333333 0.03333333333333333
3 0.4421875 0.3458333333333333 0.009375 0.026851851851851852
3 0.46588541666666666 0.3060185185185185 0.008854166666666666 0.025
3 0.3385416666666667 0.31666666666666665 0.00625 0.020370370370370372
3 0.34713541666666664 0.30694444444444446 0.0109375 0.023148148148148147
3 0.48046875 0.28703703703703703 0.0067708333333333336 0.020370370370370372
3 0.48854166666666665 0.27546296296296297 0.008333333333333333 0.021296296296296296
3 0.497265625 0.26214814814814813 0.004984374999999967 0.021481481481481525
3 0.5038072916666666 0.2531759259259259 0.005109374999999972 0.016833333333333287
3 0.5086041666666666 0.2438796296296296 0.004484374999999948 0.016388888888888904
3 0.5120260416666667 0.2365648148148148 0.005109374999999972 0.016388888888888904