3 0.085546875 0.9 0.03046875 0.022222222222222223
5 0.93359375 0.8291666666666667 0.1265625 0.1736111111111111
5 0.7515625 0.8173611111111111 0.096875 0.15138888888888888
4 0.3078125 0.6104166666666667 0.12265625 0.25
5 0.802734375 0.5416666666666666 0.06640625 0.09444444444444444
5 0.78125 0.37118055555555557 0.05 0.0763888888888889
4 0.272265625 0.86875 0.171875 0.25972222222222224
5 0.6765625 0.47430555555555554 0.04921875 0.07361111111111111
5 0.84765625 0.4576388888888889 0.0609375 0.08611111111111111
4 0.50546875 0.28055555555555556 0.0296875 0.06944444444444445
5 0.673828125 0.32013888888888886 0.0296875 0.043055555555555555
4 0.460546875 0.2826388888888889 0.028125 0.059722222222222225
4 0.655078125 0.21805555555555556 0.0265625 0.05416666666666667
4 0.69765625 0.27152777777777776 0.0375 0.06388888888888888
5 0.669921875 0.2423611111111111 0.02421875 0.04027777777777778
5 0.533984375 0.2722222222222222 0.021875 0.03611111111111111
5 0.46875 0.22708333333333333 0.015625 0.02361111111111111
5 0.733984375 0.30972222222222223 0.034375 0.05555555555555555
4 0.36640625 0.16458333333333333 0.0203125 0.029166666666666667
5 0.455078125 0.1986111111111111 0.01640625 0.019444444444444445
5 0.40234375 0.18333333333333332 0.01171875 0.016666666666666666
5 0.4875 0.24305555555555555 0.01640625 0.030555555555555555
5 0.60546875 0.28680555555555554 0.02109375 0.03194444444444444
4 0.597890625 0.20281944444444444 0.03715624999999996 0.05954166666666667
4 0.494796875 0.1790972222222222 0.021453125000000028 0.03813888888888888
4 0.440109375 0.1651388888888889 0.016750000000000043 0.02698611111111112
5 0.38359375 0.15769444444444444 0.002093749999999961 0.002791666666666654
4 0.37184375 0.14895833333333333 0.016695312500000004 0.016958333333333346