1 0.38385416666666666 0.29768518518518516 0.1 0.1175925925925926
1 0.76953125 0.3050925925925926 0.09947916666666666 0.18888888888888888
0 0.75703125 0.1537037037037037 0.022395833333333334 0.025925925925925925
1 0.8885416666666667 0.10277777777777777 0.016666666666666666 0.03425925925925926
0 0.7393229166666667 0.13703703703703704 0.016145833333333335 0.020370370370370372
0 0.76796875 0.12314814814814815 0.015625 0.019444444444444445
0 0.8653645833333333 0.11712962962962963 0.013541666666666667 0.017592592592592594
0 0.703125 0.13935185185185187 0.021875 0.025
0 0.8059322916666667 0.1061111111111111 0.009359374999999896 0.014240740740740736
0 0.8752604166666667 0.09583333333333334 0.009375 0.013888888888888888
1 0.628421875 0.2134074074074074 0.06458333333333334 0.08985185185185188
