0 0.42552083333333335 0.2675925925925926 0.0609375 0.05185185185185185
1 0.8559895833333333 0.18796296296296297 0.0484375 0.0962962962962963
1 0.7328125 0.1550925925925926 0.036458333333333336 0.05555555555555555
1 0.6309895833333333 0.18703703703703703 0.0453125 0.06481481481481481
0 0.7526041666666666 0.11990740740740741 0.015104166666666667 0.019444444444444445
1 0.8880208333333334 0.09907407407407408 0.014583333333333334 0.02962962962962963
0 0.7940104166666667 0.13055555555555556 0.016666666666666666 0.023148148148148147
0 0.7768229166666667 0.11944444444444445 0.013541666666666667 0.017592592592592594
1 0.2791666666666667 0.8648148148148148 0.446875 0.27037037037037037
1 0.8447916666666667 0.0962962962962963 0.0109375 0.023148148148148147
0 0.8763020833333334 0.08935185185185185 0.008854166666666666 0.014814814814814815
0 0.7940104166666667 0.11388888888888889 0.0140625 0.016666666666666666
0 0.834375 0.10694444444444444 0.010416666666666666 0.01574074074074074
0 0.86953125 0.10925925925925926 0.011979166666666667 0.019444444444444445
0 0.8152395833333334 0.10172222222222223 0.007890625000000047 0.015435185185185173
0 0.8256302083333333 0.10312037037037038 0.009208333333333247 0.01356481481481482
0 0.8237916666666667 0.08932407407407407 0.006578125000000057 0.0074814814814814935
0 0.8348385416666667 0.0874537037037037 0.0060520833333332765 0.011222222222222227
0 0.8532552083333333 0.0809074074074074 0.005526041666666733 0.00841666666666667
0 0.8620677083333333 0.08113888888888889 0.003682291666666752 0.007953703703703708
1 0.8394427083333333 0.08371296296296296 0.006838541666666724 0.01028703703703705
1 0.8770625 0.076 0.004208333333333296 0.012629629629629643
1 0.8821927083333333 0.07693518518518519 0.004999999999999952 0.01356481481481482
