3 0.7864583333333334 0.8578703703703704 0.011458333333333333 0.04351851851851852
3 0.73046875 0.8462962962962963 0.013020833333333334 0.03148148148148148
5 0.3921875 0.7032407407407407 0.08802083333333334 0.08888888888888889
5 0.7135416666666666 0.7509259259259259 0.07864583333333333 0.12129629629629629
5 0.37083333333333335 0.5550925925925926 0.06614583333333333 0.06851851851851852
5 0.5783854166666667 0.7527777777777778 0.09479166666666666 0.1259259259259259
5 0.6026041666666667 0.49675925925925923 0.04583333333333333 0.04814814814814815
5 0.50703125 0.4648148148148148 0.042708333333333334 0.044444444444444446
4 0.6263020833333334 0.3976851851851852 0.0453125 0.07222222222222222
5 0.7466145833333333 0.3351851851851852 0.0171875 0.021296296296296296
5 0.29973958333333334 0.4083333333333333 0.03958333333333333 0.03425925925925926
2 0.753125 0.812962962962963 0.01875 0.09814814814814815
5 0.6528645833333333 0.37962962962962965 0.021875 0.028703703703703703
5 0.6781770833333333 0.4046296296296296 0.03125 0.044444444444444446
5 0.17604166666666668 0.46620370370370373 0.04635416666666667 0.03796296296296296
4 0.8294270833333334 0.2657407407407407 0.018229166666666668 0.03425925925925926
5 0.7708333333333334 0.3388888888888889 0.018229166666666668 0.027777777777777776
4 0.80703125 0.2953703703703704 0.0171875 0.03611111111111111
5 0.7966145833333333 0.2847222222222222 0.009895833333333333 0.01574074074074074
5 0.7479166666666667 0.29444444444444445 0.0109375 0.014814814814814815
5 0.8098958333333334 0.25925925925925924 0.009375 0.012037037037037037
5 0.6778645833333333 0.3439814814814815 0.022395833333333334 0.026851851851851852
5 0.7229166666666667 0.3138888888888889 0.016145833333333335 0.020370370370370372
5 0.7559895833333333 0.3050925925925926 0.0140625 0.018518518518518517
5 0.53359375 0.29907407407407405 0.019270833333333334 0.018518518518518517
5 0.7739583333333333 0.275 0.008854166666666666 0.012037037037037037
5 0.7895833333333333 0.27685185185185185 0.009375 0.013888888888888888
2 0.70415625 0.7947222222222222 0.020802083333333363 0.09799999999999992