1 0.3768229166666667 0.3476851851851852 0.0828125 0.15555555555555556
1 0.7028645833333333 0.22314814814814815 0.0375 0.0712962962962963
1 0.5528645833333333 0.25092592592592594 0.03125 0.07592592592592592
0 0.6278645833333333 0.22546296296296298 0.019791666666666666 0.028703703703703703
0 0.62109375 0.17731481481481481 0.013541666666666667 0.019444444444444445
0 0.5216145833333333 0.17083333333333334 0.0125 0.024074074074074074
1 0.5893229166666667 0.14814814814814814 0.011458333333333333 0.021296296296296296
0 0.48804166666666665 0.14480555555555555 0.005546875000000047 0.008833333333333353
1 0.6286666666666666 0.1505462962962963 0.011088541666666648 0.022175925925925915
1 0.95925 0.3222592592592593 0.044234374999999916 0.03589814814814813
