3 0.5033854166666667 0.9703703703703703 0.0203125 0.05555555555555555
3 0.5625 0.32916666666666666 0.0375 0.032407407407407406
5 0.7377604166666667 0.6481481481481481 0.078125 0.11574074074074074
4 0.5528645833333333 0.25046296296296294 0.030729166666666665 0.07592592592592592
5 0.6252604166666667 0.1787037037037037 0.014583333333333334 0.021296296296296296
4 0.49244791666666665 0.18101851851851852 0.0203125 0.04722222222222222
4 0.50625 0.1638888888888889 0.015625 0.03333333333333333
4 0.571875 0.1398148148148148 0.015625 0.025925925925925925
4 0.6380208333333334 0.1574074074074074 0.016666666666666666 0.026851851851851852
5 0.6690104166666667 0.20092592592592592 0.018229166666666668 0.023148148148148147
3 0.07364583333333334 0.9468333333333333 0.024375000000000004 0.09884259259259248
3 0.21135416666666668 0.7295740740740742 0.022291666666666644 0.06211111111111104
3 0.2809375 0.6182592592592593 0.018124999999999978 0.06541666666666675
3 0.3178125 0.5580648148148148 0.021041666666666715 0.0672500000000001
3 0.35760416666666667 0.49379629629629623 0.021458333333333357 0.047592592592592624
3 0.38687499999999997 0.44453703703703706 0.014583333333333334 0.04832407407407412
3 0.4136458333333334 0.3941574074074074 0.01270833333333338 0.03941666666666671
3 0.42916666666666664 0.3663703703703704 0.016666666666666666 0.050527777777777824
3 0.4434375 0.3448888888888889 0.009791666666666643 0.037185185185185154
3 0.46693229166666667 0.3064444444444444 0.009921874999999976 0.03137037037037037
3 0.4803385416666667 0.2871944444444445 0.005526041666666615 0.027074074074074084
3 0.48907291666666663 0.2763611111111111 0.013411458333333333 0.027935185185185146
3 0.49728125 0.26255555555555554 0.006744791666666691 0.020851851851851837
3 0.5028072916666667 0.2541759259259259 0.009994791666666695 0.02258333333333332
3 0.5080520833333334 0.2444351851851852 0.005796875000000057 0.01677777777777778
3 0.512390625 0.23719444444444446 0.006244791666666671 0.018898148148148147
3 0.45534375 0.32802777777777775 0.012015624999999967 0.03549074074074078