3 0.261328125 0.6916666666666667 0.02265625 0.019444444444444445
5 0.532421875 0.7875 0.0625 0.12222222222222222
4 0.42734375 0.7305555555555555 0.14765625 0.2902777777777778
4 0.523046875 0.4756944444444444 0.046875 0.09861111111111111
4 0.75 0.46597222222222223 0.03046875 0.06111111111111111
4 0.72109375 0.40625 0.021875 0.044444444444444446
5 0.616796875 0.47291666666666665 0.02109375 0.03333333333333333
5 0.6765625 0.42916666666666664 0.015625 0.02361111111111111
4 0.692578125 0.39305555555555555 0.01875 0.03333333333333333
0 0.5966484375000001 0.3869444444444445 0.016984375000000006 0.03241666666666671
4 0.5985234375 0.3580833333333333 0.0107421875 0.021749999999999995
5 0.58565625 0.3556388888888889 0.007992187500000015 0.010652777777777761
5 0.664578125 0.38272222222222224 0.011492187500000028 0.012430555555555618