3 0.50390625 0.9699074074074074 0.021354166666666667 0.05462962962962963
3 0.5627604166666667 0.32731481481481484 0.03697916666666667 0.03425925925925926
5 0.7700520833333333 0.7782407407407408 0.09895833333333333 0.14722222222222223
4 0.5528645833333333 0.25092592592592594 0.030208333333333334 0.075
5 0.6276041666666666 0.1814814814814815 0.014583333333333334 0.021296296296296296
4 0.49322916666666666 0.17916666666666667 0.0203125 0.046296296296296294
4 0.6708333333333333 0.19490740740740742 0.021354166666666667 0.040740740740740744
4 0.6395833333333333 0.15787037037037038 0.016666666666666666 0.028703703703703703
4 0.5067708333333333 0.16296296296296298 0.015625 0.032407407407407406
4 0.5736979166666667 0.1398148148148148 0.0171875 0.026851851851851852
3 0.07385416666666668 0.9442407407407407 0.02895833333333334 0.09514814814814825
3 0.21010416666666665 0.7282777777777777 0.034791666666666644 0.08545370370370367
3 0.38687499999999997 0.44119444444444444 0.017499999999999953 0.03721296296296301
3 0.3575 0.4889814814814815 0.021249999999999977 0.05426851851851848
3 0.32208333333333333 0.5626944444444445 0.017083333333333308 0.05799074074074084
3 0.2833333333333333 0.6249351851851851 0.03125 0.06393518518518514