1 0.6682291666666667 0.4351851851851852 0.07604166666666666 0.12222222222222222
0 0.41171875 0.5287037037037037 0.0546875 0.05740740740740741
1 0.35078125 0.7819444444444444 0.16458333333333333 0.23425925925925925
0 0.50546875 0.49953703703703706 0.050520833333333334 0.05555555555555555
0 0.71171875 0.7555555555555555 0.08229166666666667 0.12962962962962962
1 0.79609375 0.3074074074074074 0.015625 0.03148148148148148
0 0.740625 0.3351851851851852 0.019270833333333334 0.025925925925925925
1 0.6184895833333334 0.41574074074074074 0.06822916666666666 0.09351851851851851
0 0.76484375 0.2967592592592593 0.0140625 0.017592592592592594
0 0.7088541666666667 0.31666666666666665 0.016145833333333335 0.022222222222222223
0 0.20260416666666667 0.43657407407407406 0.04583333333333333 0.049074074074074076
0 0.159375 0.4708333333333333 0.04375 0.03425925925925926
0 0.7393229166666667 0.31712962962962965 0.0171875 0.022222222222222223
0 0.82265625 0.2740740740740741 0.010416666666666666 0.013888888888888888
0 0.7791666666666667 0.2833333333333333 0.011458333333333333 0.01574074074074074
0 0.5791406250000001 0.7482777777777778 0.09322916666666667 0.12685185185185185
0 0.30552083333333335 0.4014814814814815 0.03854166666666667 0.025
0 0.80859375 0.27037037037037037 0.010416666666666666 0.013888888888888888
0 0.16979166666666667 0.4425925925925926 0.030729166666666665 0.027777777777777776
1 0.83828125 0.25324074074074077 0.011979166666666667 0.025
0 0.8044270833333333 0.25324074074074077 0.008854166666666666 0.010185185185185186
0 0.8072916666666666 0.2689814814814815 0.011979166666666667 0.014814814814814815
0 0.7989583333333333 0.28055555555555556 0.013020833333333334 0.021296296296296296
0 0.76484375 0.2810185185185185 0.0125 0.01574074074074074
0 0.7859375 0.26481481481481484 0.009375 0.012962962962962963
0 0.8229166666666666 0.24861111111111112 0.0078125 0.011111111111111112
