3 0.50390625 0.9703703703703703 0.0203125 0.05555555555555555
3 0.5627604166666667 0.32731481481481484 0.03802083333333333 0.03425925925925926
5 0.9216145833333333 0.7523148148148148 0.12864583333333332 0.16944444444444445
5 0.6765625 0.40555555555555556 0.04114583333333333 0.05925925925925926
4 0.5528645833333333 0.25046296296296294 0.030729166666666665 0.075
4 0.48723958333333334 0.1884259259259259 0.021875 0.05092592592592592
5 0.6169270833333333 0.17083333333333334 0.0125 0.018518518518518517
4 0.5049479166666667 0.1699074074074074 0.01875 0.03796296296296296
4 0.6330729166666667 0.1550925925925926 0.014583333333333334 0.025
4 0.65703125 0.18333333333333332 0.019270833333333334 0.03518518518518519
3 0.07515104166666667 0.943787037037037 0.037203125000000004 0.10185185185185185
3 0.21242708333333335 0.7288333333333333 0.027531250000000007 0.07142592592592602
3 0.2808802083333333 0.6216944444444444 0.021578125000000035 0.06084259259259263
3 0.32140104166666666 0.557962962962963 0.017083333333333308 0.046611111111111034
3 0.3578541666666667 0.4919259259259259 0.014895833333333285 0.04096296296296297
3 0.385765625 0.44160185185185186 0.015098958333333337 0.04273148148148146
3 0.41377083333333337 0.3946388888888889 0.01072916666666662 0.036370370370370345
3 0.4274791666666667 0.3667407407407407 0.014302083333333352 0.04273148148148146
3 0.4427760416666667 0.34625925925925927 0.011520833333333277 0.032138888888888925
3 0.466609375 0.3067037037037037 0.007947916666666662 0.029314814814814787