3 0.26171875 0.6916666666666667 0.0203125 0.016666666666666666
4 0.710546875 0.45416666666666666 0.0328125 0.07083333333333333
4 0.698046875 0.39791666666666664 0.01953125 0.0375
5 0.67578125 0.4083333333333333 0.0140625 0.020833333333333332
4 0.5921875 0.4326388888888889 0.0328125 0.06666666666666667
4 0.770703125 0.4826388888888889 0.0421875 0.05694444444444444
5 0.63046875 0.42916666666666664 0.01484375 0.02638888888888889
5 0.63515625 0.3958333333333333 0.0109375 0.018055555555555554
5 0.689453125 0.6388888888888888 0.0390625 0.04861111111111111
3 0.756390625 0.4445833333333334 0.009249999999999935 0.008611111111111173
4 0.5942265625 0.38425000000000004 0.0189453125 0.02584722222222224
4 0.5981953125 0.354875 0.011898437500000015 0.02976388888888886
4 0.6830234374999999 0.3748611111111111 0.014101562499999965 0.02898611111111112