3 0.50390625 0.9699074074074074 0.021354166666666667 0.05462962962962963
3 0.5627604166666667 0.3282407407407407 0.03802083333333333 0.032407407407407406
4 0.5528645833333333 0.25092592592592594 0.030729166666666665 0.075
4 0.7106770833333333 0.2412037037037037 0.03229166666666667 0.05740740740740741
5 0.65859375 0.22777777777777777 0.021875 0.03333333333333333
4 0.6572916666666667 0.16712962962962963 0.020833333333333332 0.032407407407407406
4 0.50546875 0.16527777777777777 0.019791666666666666 0.04537037037037037
4 0.5848958333333333 0.14166666666666666 0.016666666666666666 0.03148148148148148
3 0.07041666666666666 0.9328148148148149 0.049166666666666664 0.09821296296296302
3 0.21427083333333333 0.7208425925925925 0.02645833333333331 0.06317592592592594
3 0.27749999999999997 0.6297592592592592 0.02999999999999998 0.08840740740740742
3 0.32166666666666666 0.5649629629629629 0.035000000000000024 0.08474999999999998
3 0.360625 0.5038703703703703 0.033749999999999974 0.08849074074074068
3 0.38625000000000004 0.4442685185185185 0.022500000000000023 0.0507592592592593
3 0.41052083333333333 0.3876203703703704 0.010625000000000048 0.033759259259259294
3 0.4294791666666667 0.3637407407407407 0.011041666666666691 0.04896296296296296