3 0.5041666666666667 0.9703703703703703 0.020833333333333332 0.053703703703703705
3 0.5627604166666667 0.3287037037037037 0.03802083333333333 0.03148148148148148
5 0.16380208333333332 0.6231481481481481 0.11302083333333333 0.1388888888888889
5 0.36041666666666666 0.35462962962962963 0.04010416666666667 0.053703703703703705
4 0.7052083333333333 0.20277777777777778 0.028645833333333332 0.04814814814814815
4 0.5533854166666666 0.25046296296296294 0.03229166666666667 0.07685185185185185
4 0.6127604166666667 0.14814814814814814 0.021354166666666667 0.03888888888888889
4 0.4953125 0.14444444444444443 0.011458333333333333 0.019444444444444445
3 0.07 0.9374351851851851 0.04833333333333334 0.10376851851851845
3 0.209375 0.7288055555555556 0.022916666666666665 0.06798148148148155
3 0.27770833333333333 0.6186574074074074 0.026250000000000016 0.06620370370370371
3 0.31958333333333333 0.5492407407407407 0.022500000000000023 0.04217592592592588
3 0.35572916666666665 0.4898148148148148 0.021875 0.04554629629629635
3 0.3907291666666667 0.4468611111111111 0.02520833333333338 0.048537037037037
3 0.41302083333333334 0.39725 0.015625 0.0382037037037037
3 0.4284375 0.36837037037037035 0.013125000000000024 0.0397037037037037
3 0.4421875 0.34467592592592594 0.015625 0.03675000000000005