3 0.262109375 0.6909722222222222 0.02109375 0.020833333333333332
4 0.5234375 0.5479166666666667 0.07265625 0.1388888888888889
4 0.555859375 0.4354166666666667 0.0359375 0.07361111111111111
5 0.591796875 0.5548611111111111 0.0328125 0.05694444444444444
4 0.73203125 0.42430555555555555 0.0265625 0.05555555555555555
5 0.675 0.45902777777777776 0.01953125 0.029166666666666667
4 0.698828125 0.4027777777777778 0.0203125 0.04583333333333333
5 0.628125 0.4375 0.0125 0.025
5 0.67265625 0.39166666666666666 0.01171875 0.018055555555555554
5 0.62578125 0.43680555555555556 0.01640625 0.02638888888888889
5 0.66171875 0.3784722222222222 0.01015625 0.013888888888888888
4 0.7685546875 0.49045833333333333 0.05078125 0.03298611111111111