3 0.34453125 0.9490740740740741 0.0828125 0.08333333333333333
5 0.6721354166666667 0.17314814814814813 0.026041666666666668 0.03796296296296296
5 0.7953125 0.24583333333333332 0.042708333333333334 0.08333333333333333
5 0.7171875 0.14814814814814814 0.019791666666666666 0.03425925925925926
5 0.64453125 0.14583333333333334 0.021875 0.03425925925925926
3 0.2916666666666667 0.35648148148148145 0.022916666666666665 0.06111111111111111
3 0.34427083333333336 0.325 0.019791666666666666 0.053703703703703705
5 0.5072916666666667 0.28888888888888886 0.07291666666666667 0.0962962962962963
4 0.7167708333333334 0.12161111111111111 0.016848958333333285 0.03235185185185185
4 0.6837447916666667 0.12880555555555556 0.0289791666666666 0.06829629629629629
4 0.6625156249999999 0.10543518518518519 0.018869791666666677 0.038342592592592574
4 0.7056510416666666 0.10424074074074074 0.018869791666666677 0.03114814814814816