3 0.7700520833333333 0.3685185185185185 0.0453125 0.046296296296296294
5 0.8296875 0.09537037037037037 0.01875 0.025
3 0.9078125 0.8 0.036458333333333336 0.15925925925925927
3 0.8779375 0.526287037037037 0.026171875 0.09305555555555556
3 0.8583072916666666 0.3466203703703704 0.013255208333333239 0.05770370370370375
3 0.8544166666666667 0.24097222222222223 0.009140625000000095 0.03819444444444445
3 0.8547135416666667 0.19787962962962963 0.010739583333333276 0.03352777777777776
3 0.8600833333333333 0.14689814814814817 0.007333333333333295 0.01815740740740742
3 0.4855625 0.20377777777777778 0.009604166666666695 0.03803703703703702
3 0.5325052083333333 0.18320370370370373 0.007421874999999941 0.029500000000000012
3 0.5905989583333333 0.15705555555555556 0.007588541666666752 0.02633333333333333
3 0.7190937500000001 0.10144444444444445 0.00625 0.02073148148148147
4 0.23958333333333334 0.5731481481481482 0.471875 0.8537037037037037