1 0.7830729166666667 0.3300925925925926 0.0984375 0.19166666666666668
0 0.32395833333333335 0.2972222222222222 0.07291666666666667 0.058333333333333334
1 0.7239583333333334 0.14305555555555555 0.028125 0.046296296296296294
1 0.8739583333333333 0.1425925925925926 0.03333333333333333 0.06666666666666667
1 0.7822916666666667 0.1300925925925926 0.0265625 0.04351851851851852
0 0.61796875 0.1787037037037037 0.03125 0.02962962962962963
1 0.8877604166666667 0.09583333333333334 0.013541666666666667 0.02962962962962963
0 0.8143229166666667 0.11805555555555555 0.0140625 0.018518518518518517
0 0.8705729166666667 0.10740740740740741 0.010416666666666666 0.01574074074074074
0 0.80703125 0.10462962962962963 0.011458333333333333 0.01574074074074074
1 0.8481770833333333 0.09444444444444444 0.009895833333333333 0.020370370370370372
0 0.82265625 0.09305555555555556 0.009895833333333333 0.014814814814814815
0 0.8557291666666667 0.07731481481481481 0.00625 0.011111111111111112
