1 0.345703125 0.7638888888888888 0.1390625 0.31527777777777777
1 0.346875 0.5333333333333333 0.09921875 0.18194444444444444
0 0.83671875 0.6111111111111112 0.0796875 0.10972222222222222
0 0.798828125 0.38958333333333334 0.053125 0.08055555555555556
0 0.691015625 0.5270833333333333 0.05625 0.08194444444444444
0 0.744921875 0.3229166666666667 0.0375 0.058333333333333334
0 0.686328125 0.33819444444444446 0.034375 0.04722222222222222
1 0.705859375 0.2777777777777778 0.0359375 0.06666666666666667
1 0.503515625 0.2701388888888889 0.028125 0.06527777777777778
1 0.661328125 0.2222222222222222 0.0265625 0.05694444444444444
0 0.52890625 0.2652777777777778 0.0203125 0.03194444444444444
1 0.462109375 0.2743055555555556 0.025 0.05416666666666667
1 0.3609375 0.16458333333333333 0.01953125 0.029166666666666667
0 0.46484375 0.22291666666666668 0.0171875 0.022222222222222223
0 0.611328125 0.2986111111111111 0.025 0.034722222222222224
0 0.450390625 0.19652777777777777 0.01328125 0.018055555555555554
0 0.8734375 0.49444444444444446 0.0671875 0.09305555555555556
0 0.67734375 0.24861111111111112 0.025 0.041666666666666664
0 0.48359375 0.2375 0.015625 0.030555555555555555
0 0.3953125 0.18194444444444444 0.0109375 0.016666666666666666
0 0.386328125 0.17152777777777778 0.0109375 0.016666666666666666
0 0.80078125 0.9409722222222222 0.13984375 0.11805555555555555
0 0.967578125 0.9347222222222222 0.0640625 0.13055555555555556
