1 0.5234375 0.5479166666666667 0.07265625 0.1388888888888889
1 0.555859375 0.4354166666666667 0.0359375 0.07361111111111111
0 0.591796875 0.5548611111111111 0.0328125 0.05694444444444444
1 0.73203125 0.42430555555555555 0.0265625 0.05555555555555555
0 0.675 0.45902777777777776 0.01953125 0.029166666666666667
1 0.698828125 0.4027777777777778 0.0203125 0.04583333333333333
0 0.628125 0.4375 0.0125 0.025
0 0.67265625 0.39166666666666666 0.01171875 0.018055555555555554
0 0.62578125 0.43680555555555556 0.01640625 0.02638888888888889
0 0.66171875 0.3784722222222222 0.01015625 0.013888888888888888
1 0.770953125 0.5056805555555555 0.04048437499999995 0.07954166666666664
