1 0.45625 0.4756944444444444 0.0640625 0.15833333333333333
0 0.7875 0.9354166666666667 0.11953125 0.12916666666666668
1 0.41796875 0.4048611111111111 0.05703125 0.12777777777777777
0 0.8809687500000001 0.4979166666666667 0.07734375 0.11388888888888889
0 0.527453125 0.5458333333333333 0.053125 0.11805555555555555
0 0.750390625 0.45208333333333334 0.05234375 0.07222222222222222
1 0.74375 0.3194444444444444 0.04453125 0.07222222222222222
0 0.7984375 0.3854166666666667 0.04921875 0.075
1 0.6828125 0.24097222222222223 0.0328125 0.06111111111111111
1 0.492578125 0.24375 0.025 0.05416666666666667
0 0.634765625 0.35347222222222224 0.03125 0.04583333333333333
1 0.459375 0.24722222222222223 0.02109375 0.043055555555555555
0 0.70078125 0.2743055555555556 0.0296875 0.05
0 0.451171875 0.2111111111111111 0.01328125 0.019444444444444445
0 0.986328125 0.7284722222222222 0.02734375 0.1375
0 0.427734375 0.1875 0.01328125 0.018055555555555554
0 0.508984375 0.2388888888888889 0.01953125 0.027777777777777776
0 0.619921875 0.2625 0.021875 0.029166666666666667
0 0.470703125 0.22430555555555556 0.015625 0.025
0 0.370703125 0.17152777777777778 0.009375 0.015277777777777777
0 0.358984375 0.1638888888888889 0.01015625 0.013888888888888888
1 0.341796875 0.15902777777777777 0.01484375 0.025
1 0.63125 0.22013888888888888 0.03984375 0.06944444444444445
