3 0.5036458333333333 0.9703703703703703 0.020833333333333332 0.053703703703703705
3 0.5627604166666667 0.32916666666666666 0.03802083333333333 0.032407407407407406
4 0.8161458333333333 0.3768518518518518 0.0640625 0.10925925925925926
5 0.7455729166666667 0.4310185185185185 0.05416666666666667 0.08055555555555556
4 0.553125 0.25092592592592594 0.03177083333333333 0.07777777777777778
4 0.5096354166666667 0.1587962962962963 0.016666666666666666 0.03518518518518519
4 0.6809895833333334 0.18287037037037038 0.024479166666666666 0.040740740740740744
3 0.07291666666666667 0.9453703703703704 0.027083333333333334 0.07592592592592592
3 0.21101041666666667 0.725574074074074 0.01587500000000001 0.051740740740740844
3 0.27748958333333335 0.6179722222222221 0.01918229166666663 0.05291666666666675
3 0.31784375 0.5574074074074075 0.011244791666666623 0.047037037037036995
3 0.3568697916666667 0.49390740740740735 0.011244791666666623 0.03762962962962972
3 0.384984375 0.44392592592592595 0.009260416666666653 0.03410185185185189
3 0.41210416666666666 0.3933611111111111 0.006614583333333357 0.02939814814814815
3 0.42896875 0.3657222222222222 0.008598958333333328 0.02822222222222224
3 0.4418697916666667 0.34455555555555556 0.009260416666666653 0.01881481481481486
3 0.46634375 0.3063425925925926 0.006614583333333357 0.01999074074074077
3 0.48052083333333334 0.2855462962962963 0.0057343749999999956 0.01631481481481482
3 0.4889322916666667 0.27432407407407405 0.004973958333333309 0.015638888888888876
3 0.49639062500000003 0.26175 0.007651041666666695 0.020398148148148124
3 0.5034635416666666 0.25019444444444444 0.004208333333333296 0.014953703703703683
3 0.5084375 0.24475 0.004208333333333296 0.012240740740740766
3 0.5116666666666666 0.2371111111111111 0.005020833333333386 0.012935185185185211
3 0.5153072916666667 0.22930555555555557 0.0037656250000000094 0.012490740740740748
3 0.33827083333333335 0.31607407407407406 0.006020833333333305 0.016509259259259296
3 0.34454166666666663 0.31072222222222223 0.004015625000000019 0.017398148148148114
3 0.3475520833333333 0.3091574074074074 0.003515625 0.016064814814814837
3 0.3500625 0.30514814814814817 0.004515625000000038 0.013379629629629672
3 0.39723958333333337 0.2645462962962963 0.0025104166666666335 0.012490740740740748
3 0.40489583333333334 0.26030555555555557 0.002760416666666643 0.009370370370370374
3 0.41806770833333334 0.24425000000000002 0.003515625 0.012046296296296288
3 0.5178697916666667 0.2235740740740741 0.0023333333333333426 0.011500000000000015
3 0.5203802083333333 0.21910185185185185 0.0023333333333333426 0.008944444444444468
3 0.5228072916666666 0.21399074074074076 0.002515624999999962 0.010861111111111129
3 0.525234375 0.20856481481481481 0.0019739583333333146 0.007027777777777754
3 0.5732916666666666 0.1940277777777778 0.01221875000000002 0.011175925925925919
4 0.5788489583333334 0.14087037037037037 0.012510416666666658 0.02442592592592592
4 0.6006822916666666 0.1428333333333333 0.020364583333333287 0.029222222222222226
4 0.958984375 0.3208611111111111 0.04242187499999991 0.04366666666666664