3 0.7869791666666667 0.8587962962962963 0.011458333333333333 0.04351851851851852
3 0.7307291666666667 0.8467592592592592 0.0125 0.030555555555555555
5 0.17015624999999998 0.7777777777777778 0.12239583333333333 0.1111111111111111
5 0.45338541666666665 0.725462962962963 0.08489583333333334 0.10648148148148148
5 0.578125 0.7527777777777778 0.09322916666666667 0.12685185185185185
5 0.7140625 0.7550925925925925 0.07708333333333334 0.1287037037037037
5 0.39401041666666664 0.5398148148148149 0.06302083333333333 0.06018518518518518
5 0.5989583333333334 0.475462962962963 0.03958333333333333 0.04722222222222222
5 0.5528645833333333 0.4666666666666667 0.04114583333333333 0.04537037037037037
4 0.7658854166666667 0.33240740740740743 0.0375 0.06759259259259259
4 0.6786458333333333 0.4351851851851852 0.04895833333333333 0.08333333333333333
5 0.65078125 0.3638888888888889 0.023958333333333335 0.02962962962962963
5 0.221875 0.4351851851851852 0.0453125 0.03796296296296296
5 0.18333333333333332 0.43472222222222223 0.04895833333333333 0.041666666666666664
5 0.7958333333333333 0.28564814814814815 0.0125 0.016666666666666666
2 0.6744791666666666 0.7791666666666667 0.0203125 0.1
5 0.706359375 0.3430925925925926 0.02105208333333337 0.025851851851851813
4 0.7515625 0.31666666666666665 0.0296875 0.04814814814814815
5 0.8208333333333333 0.27824074074074073 0.0125 0.024074074074074074
5 0.78125 0.28194444444444444 0.011979166666666667 0.016666666666666666
5 0.7979166666666667 0.2708333333333333 0.009375 0.012962962962962963
5 0.7627604166666667 0.2810185185185185 0.011458333333333333 0.012962962962962963
5 0.8401041666666667 0.25555555555555554 0.0078125 0.012037037037037037
5 0.8028645833333333 0.25416666666666665 0.0078125 0.011111111111111112
5 0.7963541666666667 0.25833333333333336 0.007291666666666667 0.012037037037037037
4 0.7518229166666667 0.31712962962962965 0.0296875 0.049074074074074076
5 0.7903645833333334 0.2601851851851852 0.0078125 0.012962962962962963
5 0.30739583333333337 0.41503703703703704 0.042708333333333334 0.03518518518518519
5 0.7055312499999999 0.3207592592592593 0.018583333333333247 0.018120370370370415
2 0.7528645833333333 0.812037037037037 0.018229166666666668 0.0962962962962963