3 0.7307291666666667 0.8462962962962963 0.013541666666666667 0.03333333333333333
3 0.7869791666666667 0.8583333333333333 0.0125 0.046296296296296294
5 0.32473958333333336 0.8759259259259259 0.11770833333333333 0.14351851851851852
5 0.23619791666666667 0.6476851851851851 0.0921875 0.0787037037037037
5 0.5263020833333333 0.5412037037037037 0.052083333333333336 0.06018518518518518
5 0.45807291666666666 0.537962962962963 0.05677083333333333 0.058333333333333334
5 0.7119791666666667 0.7569444444444444 0.08177083333333333 0.13240740740740742
4 0.7518229166666667 0.34629629629629627 0.042708333333333334 0.075
5 0.5766354166666667 0.7532407407407408 0.09375 0.12777777777777777
5 0.6200520833333333 0.3851851851851852 0.027083333333333334 0.03425925925925926
4 0.6434895833333333 0.4703703703703704 0.058854166666666666 0.1
5 0.6815104166666667 0.3625 0.023958333333333335 0.032407407407407406
5 0.6890625 0.3351851851851852 0.019791666666666666 0.023148148148148147
2 0.7528645833333333 0.812037037037037 0.018229166666666668 0.0962962962962963
0 0.39791666666666664 0.33796296296296297 0.04895833333333333 0.05
4 0.7330729166666666 0.33101851851851855 0.03333333333333333 0.053703703703703705
5 0.30364583333333334 0.4027777777777778 0.04010416666666667 0.03796296296296296
5 0.7877604166666666 0.29305555555555557 0.0140625 0.019444444444444445
5 0.7734375 0.28703703703703703 0.013020833333333334 0.017592592592592594
5 0.7536458333333333 0.2865740740740741 0.013020833333333334 0.016666666666666666
4 0.8166666666666667 0.2824074074074074 0.013541666666666667 0.028703703703703703
5 0.37161458333333336 0.3907407407407407 0.030729166666666665 0.03148148148148148
5 0.8372395833333334 0.25925925925925924 0.009375 0.012962962962962963
5 0.8057291666666667 0.2657407407407407 0.010416666666666666 0.012962962962962963
5 0.8294270833333334 0.2550925925925926 0.008333333333333333 0.012037037037037037
5 0.7921875 0.2759259259259259 0.011458333333333333 0.01574074074074074
5 0.7919270833333333 0.27314814814814814 0.011979166666666667 0.014814814814814815
5 0.7989583333333333 0.2574074074074074 0.009895833333333333 0.012962962962962963
5 0.7869791666666667 0.26435185185185184 0.009895833333333333 0.013888888888888888
5 0.8182291666666667 0.25324074074074077 0.0078125 0.012037037037037037