3 0.7307291666666667 0.8467592592592592 0.014583333333333334 0.032407407407407406
3 0.7869791666666667 0.8587962962962963 0.013541666666666667 0.04537037037037037
5 0.2638020833333333 0.9314814814814815 0.13802083333333334 0.13703703703703704
5 0.15989583333333332 0.7 0.11041666666666666 0.08888888888888889
5 0.4940104166666667 0.5717592592592593 0.058854166666666666 0.06666666666666667
5 0.41458333333333336 0.5722222222222222 0.06458333333333334 0.06296296296296296
5 0.71171875 0.7574074074074074 0.08177083333333333 0.13333333333333333
5 0.578125 0.7527777777777778 0.09375 0.12777777777777777
4 0.62890625 0.4875 0.0625 0.10185185185185185
4 0.7458333333333333 0.3527777777777778 0.044270833333333336 0.07777777777777778
5 0.6716145833333333 0.37037037037037035 0.025520833333333333 0.032407407407407406
4 0.7265625 0.33425925925925926 0.036458333333333336 0.05648148148148148
5 0.60859375 0.39351851851851855 0.028645833333333332 0.03611111111111111
5 0.7841145833333333 0.2962962962962963 0.013541666666666667 0.019444444444444445
5 0.6833333333333333 0.33935185185185185 0.020833333333333332 0.024074074074074074
2 0.7528645833333333 0.812037037037037 0.018229166666666668 0.0962962962962963
5 0.81484375 0.28564814814814815 0.011979166666666667 0.026851851851851852
5 0.75078125 0.2884259259259259 0.013020833333333334 0.017592592592592594
5 0.7716145833333333 0.29074074074074074 0.013541666666666667 0.016666666666666666
0 0.41015625 0.3337962962962963 0.0484375 0.046296296296296294
5 0.3260416666666667 0.39537037037037037 0.036458333333333336 0.03518518518518519
5 0.803125 0.2675925925925926 0.009895833333333333 0.012962962962962963
5 0.7890625 0.2773148148148148 0.013020833333333334 0.014814814814814815
5 0.8283854166666667 0.2564814814814815 0.008333333333333333 0.012037037037037037
5 0.79765625 0.25833333333333336 0.009375 0.012962962962962963
5 0.784375 0.26435185185185184 0.009895833333333333 0.013888888888888888
5 0.8359375 0.2601851851851852 0.009375 0.013888888888888888
5 0.8145833333333333 0.2662037037037037 0.0109375 0.016666666666666666