0 0.9046875 0.7840277777777778 0.1125 0.15138888888888888
1 0.489453125 0.3611111111111111 0.04296875 0.10972222222222222
1 0.79921875 0.38055555555555554 0.06328125 0.09861111111111111
1 0.659765625 0.23333333333333334 0.04609375 0.0875
0 0.54609375 0.37777777777777777 0.0328125 0.06805555555555555
1 0.446875 0.33611111111111114 0.04296875 0.09583333333333334
0 0.73515625 0.3104166666666667 0.0359375 0.059722222222222225
1 0.7109375 0.26666666666666666 0.0390625 0.07222222222222222
0 0.667578125 0.4548611111111111 0.04765625 0.06527777777777778
0 0.659765625 0.30833333333333335 0.02890625 0.03888888888888889
0 0.886328125 0.49583333333333335 0.07421875 0.10694444444444444
1 0.480078125 0.22430555555555556 0.02265625 0.04861111111111111
1 0.449609375 0.22569444444444445 0.0203125 0.041666666666666664
1 0.62421875 0.20208333333333334 0.02578125 0.04583333333333333
0 0.434375 0.19930555555555557 0.0125 0.019444444444444445
0 0.405859375 0.17916666666666667 0.0125 0.016666666666666666
0 0.59375 0.26666666666666666 0.02109375 0.03611111111111111
0 0.587890625 0.18888888888888888 0.0125 0.025
