0 0.3515625 0.9337962962962963 0.10729166666666666 0.13148148148148148
0 0.5572916666666666 0.700925925925926 0.0578125 0.08981481481481482
0 0.55546875 0.5578703703703703 0.0390625 0.053703703703703705
0 0.6177083333333333 0.44166666666666665 0.023958333333333335 0.03425925925925926
0 0.4596354166666667 0.6069444444444444 0.05 0.0712962962962963
0 0.6015625 0.4217592592592593 0.022395833333333334 0.02962962962962963
0 0.6643229166666667 0.4148148148148148 0.020833333333333332 0.03796296296296296
0 0.6333333333333333 0.38333333333333336 0.0140625 0.025
0 0.5609375 0.40324074074074073 0.019791666666666666 0.023148148148148147
1 0.6505208333333333 0.38472222222222224 0.022395833333333334 0.04351851851851852
