0 0.911328125 0.7701388888888889 0.11015625 0.1486111111111111
1 0.41171875 0.5979166666666667 0.09375 0.21805555555555556
0 0.925 0.56875 0.08125 0.10694444444444444
1 0.38515625 0.4701388888888889 0.0765625 0.1625
0 0.718359375 0.6458333333333334 0.07109375 0.1111111111111111
0 0.82734375 0.42916666666666664 0.059375 0.09166666666666666
0 0.709375 0.37569444444444444 0.0390625 0.05416666666666667
0 0.764453125 0.3451388888888889 0.04140625 0.0625
1 0.72109375 0.29305555555555557 0.0390625 0.06666666666666667
1 0.66875 0.2298611111111111 0.0296875 0.05694444444444444
0 0.480078125 0.7868055555555555 0.08515625 0.2013888888888889
1 0.498828125 0.25972222222222224 0.02734375 0.058333333333333334
0 0.619921875 0.31805555555555554 0.02734375 0.03888888888888889
1 0.462109375 0.25972222222222224 0.02265625 0.05277777777777778
0 0.46015625 0.21805555555555556 0.0140625 0.022222222222222223
0 0.519140625 0.2534722222222222 0.02109375 0.029166666666666667
0 0.441015625 0.19236111111111112 0.01328125 0.018055555555555554
0 0.596875 0.24513888888888888 0.01875 0.02361111111111111
1 0.35234375 0.16180555555555556 0.015625 0.02638888888888889
0 0.383984375 0.17708333333333334 0.01171875 0.018055555555555554
0 0.373828125 0.16875 0.01015625 0.015277777777777777
0 0.686328125 0.25833333333333336 0.02578125 0.044444444444444446
0 0.478125 0.23055555555555557 0.015625 0.030555555555555555
1 0.29296875 0.15069444444444444 0.015625 0.02361111111111111
1 0.618171875 0.21363888888888888 0.03825000000000003 0.06156944444444442
1 0.509625 0.18377777777777776 0.026875000000000072 0.04594444444444442
