3 0.71171875 0.44074074074074077 0.0546875 0.05925925925925926
5 0.79140625 0.11944444444444445 0.026041666666666668 0.03425925925925926
3 0.9097916666666667 0.8000833333333334 0.04666666666666662 0.14872222222222234
3 0.8764635416666666 0.5309814814814815 0.03544791666666664 0.10152777777777786
3 0.8585729166666667 0.35294444444444445 0.02191666666666663 0.06185185185185181
3 0.8553541666666666 0.24106481481481484 0.011229166666666639 0.043027777777777804
3 0.5338229166666667 0.18460185185185185 0.010786458333333353 0.03907407407407407
3 0.486875 0.2056388888888889 0.011062500000000005 0.040879629629629606
3 0.5901458333333333 0.15773148148148147 0.009614583333333352 0.027981481481481454
3 0.7193645833333334 0.10057407407407408 0.00625 0.018638888888888885
3 0.8550729166666666 0.1985648148148148 0.011177083333333353 0.03800925925925927