3 0.5036458333333333 0.9703703703703703 0.020833333333333332 0.053703703703703705
3 0.5627604166666667 0.3282407407407407 0.03802083333333333 0.03425925925925926
5 0.7895833333333333 0.48194444444444445 0.0640625 0.09444444444444444
5 0.65546875 0.3236111111111111 0.03125 0.044444444444444446
4 0.5528645833333333 0.25092592592592594 0.03125 0.075
5 0.6098958333333333 0.1648148148148148 0.013020833333333334 0.019444444444444445
4 0.5013020833333334 0.17407407407407408 0.015104166666666667 0.037037037037037035
5 0.6497395833333334 0.17962962962962964 0.016145833333333335 0.028703703703703703
4 0.5109375 0.16342592592592592 0.0109375 0.022222222222222223
4 0.479546875 0.19419444444444445 0.025 0.05740740740740741
3 0.07494791666666667 0.950388888888889 0.01977083333333333 0.08971296296296295
3 0.212640625 0.7267777777777777 0.01864062499999998 0.06511111111111105
3 0.2814583333333333 0.6253148148148149 0.016140625000000006 0.057935185185185124
3 0.3203697916666667 0.5587407407407408 0.013890625000000038 0.05158333333333337
3 0.35677604166666665 0.494 0.014140625000000047 0.04219444444444444
3 0.3858697916666667 0.4429351851851852 0.016015625 0.04462037037037042
3 0.4141927083333333 0.3939814814814815 0.009755208333333343 0.03754629629629625
3 0.42947395833333335 0.36394444444444446 0.00592708333333339 0.027129629629629587
3 0.33966145833333333 0.3153240740740741 0.008093749999999981 0.017675925925925956
3 0.3979739583333333 0.26379629629629625 0.004770833333333376 0.014814814814814815
3 0.44177083333333333 0.34602777777777777 0.0109375 0.036870370370370414
3 0.47965625 0.2803425925925926 0.005343749999999995 0.014342592592592601
3 0.46625520833333334 0.30610185185185185 0.006786458333333319 0.014601851851851835
3 0.48935416666666665 0.2755092592592593 0.007291666666666667 0.02163888888888889
3 0.49680208333333337 0.2602407407407407 0.004906250000000038 0.0209537037037037
3 0.5025364583333334 0.25493518518518515 0.00358333333333339 0.016194444444444452
4 0.5653645833333333 0.13890740740740742 0.012104166666666553 0.029879629629629614
4 0.6286822916666667 0.15312037037037038 0.014583333333333334 0.025