3 0.7486979166666666 0.38935185185185184 0.04635416666666667 0.049074074074074076
5 0.8153645833333333 0.10185185185185185 0.021354166666666667 0.027777777777777776
5 0.9151041666666667 0.3712962962962963 0.023958333333333335 0.06018518518518518
3 0.48690625 0.2054074074074074 0.012755208333333339 0.04624999999999999
3 0.5338385416666667 0.1859074074074074 0.011734375000000045 0.03264814814814814
3 0.59096875 0.1559814814814815 0.007651041666666695 0.030833333333333345
3 0.7185 0.10021296296296296 0.00560937499999999 0.01904629629629629
3 0.911578125 0.7985 0.03775000000000001 0.1423796296296296
3 0.8786770833333333 0.5273518518518518 0.02907812499999996 0.09340740740740751
3 0.8592916666666667 0.3441574074074074 0.01683333333333342 0.055314814814814824
3 0.8541927083333333 0.24168518518518517 0.015812500000000066 0.040805555555555574
3 0.8563333333333334 0.19712037037037036 0.00877083333333341 0.03044444444444444