0 0.29739583333333336 0.7518518518518519 0.10677083333333333 0.1
0 0.7135416666666666 0.7513888888888889 0.07864583333333333 0.12222222222222222
0 0.27291666666666664 0.625 0.08125 0.07222222222222222
0 0.5786458333333333 0.7532407407407408 0.09583333333333334 0.12777777777777777
1 0.5333333333333333 0.4675925925925926 0.06875 0.1
0 0.7026041666666667 0.3787037037037037 0.023958333333333335 0.03425925925925926
0 0.74609375 0.3685185185185185 0.022395833333333334 0.032407407407407406
0 0.6166666666666667 0.387037037037037 0.03125 0.03796296296296296
0 0.79375 0.3101851851851852 0.020833333333333332 0.03796296296296296
0 0.30390625 0.4050925925925926 0.0390625 0.03333333333333333
0 0.19401041666666666 0.44722222222222224 0.049479166666666664 0.040740740740740744
1 0.8223958333333333 0.27314814814814814 0.021354166666666667 0.040740740740740744
0 0.72734375 0.3314814814814815 0.017708333333333333 0.023148148148148147
0 0.5908854166666667 0.4847222222222222 0.04583333333333333 0.06018518518518518
0 0.7981770833333334 0.26805555555555555 0.010416666666666666 0.012962962962962963
0 0.78046875 0.300462962962963 0.013541666666666667 0.019444444444444445
0 0.7807291666666667 0.26990740740740743 0.009895833333333333 0.013888888888888888
0 0.7606770833333333 0.28425925925925927 0.0125 0.014814814814814815
0 0.72421875 0.3125 0.015625 0.018518518518518517
0 0.6822916666666666 0.3421296296296296 0.021354166666666667 0.025925925925925925
0 0.7723958333333333 0.29305555555555557 0.013541666666666667 0.016666666666666666
0 0.31354166666666666 0.4064814814814815 0.04479166666666667 0.032407407407407406
0 0.015885416666666666 0.8273148148148148 0.03177083333333333 0.11944444444444445
0 0.8348958333333333 0.25046296296296294 0.008333333333333333 0.012037037037037037
1 0.8458333333333333 0.25092592592592594 0.009375 0.019444444444444445
2 0.03802083333333333 0.45740740740740743 0.07604166666666666 0.13518518518518519
