1 0.5515625 0.49722222222222223 0.0546875 0.10416666666666667
0 0.675 0.4861111111111111 0.021875 0.03333333333333333
1 0.73984375 0.44027777777777777 0.03046875 0.06527777777777778
1 0.5703125 0.41944444444444445 0.0296875 0.06527777777777778
0 0.67890625 0.40069444444444446 0.0125 0.018055555555555554
0 0.61171875 0.4979166666666667 0.02109375 0.041666666666666664
1 0.70078125 0.41388888888888886 0.02421875 0.05138888888888889
0 0.630859375 0.4215277777777778 0.01328125 0.022222222222222223
0 0.667578125 0.3861111111111111 0.0109375 0.013888888888888888
1 0.69453125 0.3840277777777778 0.0171875 0.02638888888888889
0 0.602625 0.37306944444444445 0.013757812499999921 0.02375000000000003
1 0.5875468749999999 0.3541666666666667 0.01361718750000005 0.02155555555555553
1 0.6698828125 0.36319444444444443 0.01235937499999995 0.02319444444444447
