0 0.8640625 0.6356481481481482 0.09895833333333333 0.13425925925925927
0 0.6682291666666667 0.375 0.03697916666666667 0.05462962962962963
1 0.5526041666666667 0.25092592592592594 0.03125 0.075
1 0.4859375 0.18935185185185185 0.0234375 0.053703703703703705
0 0.61484375 0.1685185185185185 0.013541666666666667 0.019444444444444445
1 0.6317708333333333 0.1550925925925926 0.0140625 0.025925925925925925
0 0.6546875 0.18287037037037038 0.017708333333333333 0.03333333333333333
1 0.48376562500000003 0.13977777777777778 0.00735416666666661 0.014490740740740719
1 0.5647760416666666 0.1372962962962963 0.015109375000000114 0.022268518518518528
0 0.576703125 0.14666666666666667 0.006359375000000019 0.007777777777777757
1 0.5457135416666666 0.13641666666666669 0.01996354166666663 0.008314814814814832
1 0.5103385416666667 0.15769444444444444 0.010145833333333344 0.024740740740740765
1 0.5032395833333333 0.1716111111111111 0.011593749999999995 0.03504629629629632
1 0.9587083333333334 0.32435185185185184 0.04623437499999999 0.04242592592592597
