2 0.43671875 0.5087962962962963 0.19791666666666666 0.2657407407407407
0 0.40286458333333336 0.9074074074074074 0.15729166666666666 0.18518518518518517
0 0.032552083333333336 0.5231481481481481 0.06510416666666667 0.11574074074074074
0 0.5888020833333333 0.5069444444444444 0.07083333333333333 0.08611111111111111
0 0.15390625 0.38981481481481484 0.078125 0.06111111111111111
0 0.7080729166666667 0.28379629629629627 0.03333333333333333 0.037037037037037035
0 0.69453125 0.22592592592592592 0.026041666666666668 0.028703703703703703
0 0.6 0.19907407407407407 0.028125 0.030555555555555555
0 0.5833333333333334 0.18472222222222223 0.026041666666666668 0.02962962962962963
0 0.2765625 0.20787037037037037 0.03177083333333333 0.019444444444444445
0 0.7200520833333334 0.17407407407407408 0.017708333333333333 0.021296296296296296
0 0.015625 0.23055555555555557 0.030729166666666665 0.020370370370370372
0 0.09322916666666667 0.22037037037037038 0.033854166666666664 0.020370370370370372
0 0.1703125 0.21388888888888888 0.0328125 0.017592592592592594
3 0.74765625 0.2175925925925926 0.009375 0.025
