3 0.261328125 0.6916666666666667 0.02109375 0.019444444444444445
4 0.709375 0.44722222222222224 0.0296875 0.06527777777777778
4 0.587109375 0.4375 0.03125 0.07083333333333333
5 0.62890625 0.43472222222222223 0.0125 0.02638888888888889
4 0.698046875 0.3951388888888889 0.01796875 0.0375
5 0.674609375 0.40555555555555556 0.01328125 0.018055555555555554
5 0.63515625 0.40069444444444446 0.01015625 0.015277777777777777
4 0.592578125 0.39166666666666666 0.01875 0.0375
4 0.7679140624999999 0.48327777777777775 0.041664062499999946 0.07347222222222219
4 0.59996875 0.35912499999999997 0.014460937499999993 0.04081944444444442
4 0.68096875 0.37145833333333333 0.015976562500000034 0.03966666666666663