1 0.42109375 0.6 0.0734375 0.13472222222222222
0 0.71796875 0.4965277777777778 0.02265625 0.034722222222222224
1 0.70625 0.42986111111111114 0.0265625 0.05555555555555555
0 0.67734375 0.46111111111111114 0.0203125 0.030555555555555555
1 0.61484375 0.39652777777777776 0.01875 0.04583333333333333
1 0.694921875 0.39305555555555555 0.01796875 0.034722222222222224
0 0.6359375 0.39305555555555555 0.009375 0.015277777777777777
1 0.7389921875 0.563763888888889 0.046164062499999936 0.1149027777777778
1 0.6022968750000001 0.3714027777777778 0.014226562500000029 0.04363888888888887
1 0.5903671875 0.34876388888888893 0.01743749999999995 0.035888888888888894
