0 0.7135416666666666 0.7541666666666667 0.078125 0.1259259259259259
0 0.496875 0.5962962962962963 0.06041666666666667 0.07037037037037037
0 0.36380208333333336 0.5606481481481481 0.07135416666666666 0.07037037037037037
0 0.6841145833333333 0.44907407407407407 0.03229166666666667 0.04814814814814815
0 0.55703125 0.4273148148148148 0.03802083333333333 0.044444444444444446
1 0.07213541666666666 0.8185185185185185 0.14427083333333332 0.2324074074074074
0 0.6369791666666667 0.40555555555555556 0.029166666666666667 0.03425925925925926
0 0.18385416666666668 0.43703703703703706 0.046875 0.03796296296296296
1 0.7627604166666667 0.3458333333333333 0.028125 0.05092592592592592
0 0.6544270833333333 0.3611111111111111 0.023958333333333335 0.027777777777777776
1 0.8044270833333333 0.2898148148148148 0.025 0.04814814814814815
0 0.06302083333333333 0.9486111111111111 0.12552083333333333 0.10277777777777777
0 0.7229166666666667 0.3337962962962963 0.017708333333333333 0.020370370370370372
0 0.578125 0.7532407407407408 0.09322916666666667 0.12685185185185185
0 0.7380208333333333 0.34444444444444444 0.019270833333333334 0.025
0 0.14427083333333332 0.462037037037037 0.04583333333333333 0.03333333333333333
0 0.7716145833333333 0.28888888888888886 0.013020833333333334 0.017592592592592594
0 0.72890625 0.30833333333333335 0.015625 0.018518518518518517
0 0.7565104166666666 0.287962962962963 0.013020833333333334 0.014814814814814815
2 0.05 0.4444444444444444 0.09791666666666667 0.08425925925925926
0 0.83671875 0.2652777777777778 0.009375 0.012962962962962963
0 0.2828125 0.41203703703703703 0.027604166666666666 0.02962962962962963
0 0.8315104166666667 0.25324074074074077 0.007291666666666667 0.011111111111111112
0 0.24947916666666667 0.43796296296296294 0.0328125 0.032407407407407406
0 0.8203125 0.26157407407407407 0.009375 0.012962962962962963
2 0.317359375 0.3659537037037037 0.07258854166666673 0.06621296296296296
