0 0.45416666666666666 0.7861111111111111 0.12864583333333332 0.16111111111111112
0 0.22916666666666666 0.3837962962962963 0.078125 0.07407407407407407
2 0.20182291666666666 0.7689814814814815 0.4036458333333333 0.4527777777777778
0 0.290625 0.31851851851851853 0.05625 0.04722222222222222
0 0.6729166666666667 0.3449074074074074 0.04114583333333333 0.04814814814814815
0 0.6690104166666667 0.2523148148148148 0.030208333333333334 0.03425925925925926
0 0.04296875 0.2263888888888889 0.0328125 0.020370370370370372
0 0.63046875 0.1824074074074074 0.025 0.028703703703703703
0 0.24296875 0.21064814814814814 0.03229166666666667 0.020370370370370372
0 0.6171875 0.1699074074074074 0.019791666666666666 0.020370370370370372
0 0.7018229166666666 0.18564814814814815 0.019791666666666666 0.027777777777777776
0 0.121875 0.21805555555555556 0.03333333333333333 0.019444444444444445
0 0.1975625 0.21181481481481482 0.03103125000000002 0.0205740740740741
3 0.7291666666666666 0.24431481481481482 0.0109375 0.03040740740740744
