1 0.48984375 0.6111111111111112 0.09453125 0.18333333333333332
0 0.571484375 0.6284722222222222 0.04140625 0.075
1 0.542578125 0.4513888888888889 0.03828125 0.08472222222222223
1 0.696484375 0.39861111111111114 0.01953125 0.03888888888888889
0 0.676171875 0.44305555555555554 0.0171875 0.02638888888888889
0 0.62265625 0.4513888888888889 0.01796875 0.027777777777777776
1 0.72578125 0.4125 0.02578125 0.05555555555555555
0 0.669140625 0.3875 0.01171875 0.016666666666666666
0 0.65859375 0.3736111111111111 0.01015625 0.015277777777777777
1 0.757140625 0.48609722222222224 0.04107031249999995 0.08648611111111108
