3 0.7885416666666667 0.3768518518518518 0.019791666666666666 0.014814814814814815
5 0.6223958333333334 0.5976851851851852 0.13333333333333333 0.17222222222222222
5 0.60859375 0.43703703703703706 0.0921875 0.09907407407407408
4 0.86328125 0.20601851851851852 0.049479166666666664 0.10555555555555556
4 0.7703125 0.12407407407407407 0.019791666666666666 0.03425925925925926
4 0.8794270833333333 0.12361111111111112 0.025 0.05185185185185185
4 0.8130208333333333 0.11527777777777778 0.028125 0.041666666666666664
5 0.5747395833333333 0.19166666666666668 0.034895833333333334 0.03333333333333333
5 0.49609375 0.24074074074074073 0.05 0.04722222222222222
5 0.7033854166666667 0.14351851851851852 0.021354166666666667 0.022222222222222223
4 0.8861979166666667 0.09398148148148149 0.013541666666666667 0.026851851851851852
5 0.5747395833333333 0.1912037037037037 0.034895833333333334 0.03333333333333333