3 0.5971354166666667 0.6300925925925925 0.03177083333333333 0.01574074074074074
4 0.38333333333333336 0.2972222222222222 0.09895833333333333 0.11574074074074074
4 0.7697916666666667 0.3060185185185185 0.1 0.18981481481481483
4 0.6260416666666667 0.21296296296296297 0.06458333333333334 0.09166666666666666
5 0.7567708333333333 0.1537037037037037 0.022395833333333334 0.025925925925925925
4 0.88828125 0.10231481481481482 0.016666666666666666 0.03425925925925926
5 0.703125 0.1388888888888889 0.021875 0.025
5 0.7395833333333334 0.13657407407407407 0.016666666666666666 0.021296296296296296
5 0.76796875 0.12268518518518519 0.016145833333333335 0.019444444444444445
5 0.8651041666666667 0.11666666666666667 0.0125 0.017592592592592594
5 0.8033854166666666 0.1037037037037037 0.015625 0.014814814814814815
5 0.875 0.09537037037037037 0.009375 0.014814814814814815
4 0.8416666666666667 0.09907407407407408 0.011979166666666667 0.026851851851851852
4 0.88046875 0.0763888888888889 0.010416666666666666 0.014814814814814815