3 0.50390625 0.9703703703703703 0.0203125 0.053703703703703705
3 0.5635416666666667 0.3277777777777778 0.0375 0.03333333333333333
4 0.37395833333333334 0.30462962962962964 0.07552083333333333 0.13518518518518519
4 0.96015625 0.4412037037037037 0.0796875 0.15833333333333333
4 0.44921875 0.2375 0.033854166666666664 0.07222222222222222
4 0.5528645833333333 0.25046296296296294 0.03125 0.07592592592592592
5 0.6359375 0.25324074074074077 0.022395833333333334 0.03518518518518519
4 0.48671875 0.19814814814814816 0.021875 0.04259259259259259
5 0.6325520833333333 0.18796296296296297 0.016145833333333335 0.024074074074074074
5 0.6005208333333333 0.17453703703703705 0.011979166666666667 0.019444444444444445
5 0.5078125 0.1486111111111111 0.0109375 0.016666666666666666
3 0.41208333333333336 0.39749074074074076 0.01583333333333338 0.03867592592592591
3 0.3858333333333333 0.4458240740740741 0.013333333333333286 0.04276851851851857
3 0.35833333333333334 0.4991666666666667 0.016666666666666666 0.045750000000000075
3 0.319375 0.557138888888889 0.017916666666666713 0.05428703703703714
3 0.2796875 0.6219629629629629 0.023958333333333335 0.058009259259259344
3 0.21395833333333333 0.7286481481481482 0.032083333333333346 0.07878703703703696
3 0.07583333333333334 0.9516481481481481 0.04333333333333333 0.09514814814814825