0 0.858203125 0.48055555555555557 0.06328125 0.08472222222222223
1 0.50546875 0.3548611111111111 0.04453125 0.10833333333333334
0 0.75 0.4465277777777778 0.05078125 0.07361111111111111
1 0.440234375 0.36041666666666666 0.03984375 0.09444444444444444
0 0.659765625 0.42430555555555555 0.04140625 0.0625
0 0.7046875 0.36319444444444443 0.0375 0.05694444444444444
0 0.72265625 0.3 0.0328125 0.05277777777777778
0 0.55546875 0.34791666666666665 0.02890625 0.04583333333333333
0 0.48984375 0.25 0.01796875 0.02638888888888889
0 0.501171875 0.2763888888888889 0.0203125 0.03611111111111111
0 0.627734375 0.3326388888888889 0.02578125 0.04583333333333333
0 0.621875 0.2569444444444444 0.021875 0.030555555555555555
1 0.671484375 0.23819444444444443 0.0265625 0.04583333333333333
1 0.394921875 0.17430555555555555 0.01875 0.03194444444444444
0 0.640234375 0.21805555555555556 0.01875 0.029166666666666667
0 0.755859375 0.34652777777777777 0.03828125 0.05416666666666667
0 0.4859375 0.21875 0.01484375 0.019444444444444445
0 0.690203125 0.2640138888888889 0.02734375 0.041666666666666664
0 0.439453125 0.19722222222222222 0.009375 0.018055555555555554
0 0.625390625 0.21180555555555555 0.015625 0.022222222222222223
0 0.437890625 0.19652777777777777 0.0109375 0.019444444444444445
