0 0.06380208333333333 0.7611111111111111 0.12708333333333333 0.11574074074074074
0 0.3770833333333333 0.6842592592592592 0.0875 0.0824074074074074
0 0.7135416666666666 0.7509259259259259 0.078125 0.12037037037037036
0 0.61015625 0.4671296296296296 0.0421875 0.05555555555555555
1 0.5541666666666667 0.4532407407407407 0.06510416666666667 0.09351851851851851
0 0.32786458333333335 0.5875 0.07083333333333333 0.06481481481481481
0 0.5786458333333333 0.7532407407407408 0.09427083333333333 0.1259259259259259
0 0.7114583333333333 0.36944444444444446 0.021875 0.030555555555555555
0 0.6294270833333333 0.37824074074074077 0.0296875 0.037037037037037035
0 0.7515625 0.3611111111111111 0.021875 0.03333333333333333
1 0.8236979166666667 0.26990740740740743 0.0203125 0.040740740740740744
1 0.79609375 0.30694444444444446 0.019791666666666666 0.03888888888888889
0 0.16666666666666666 0.45555555555555555 0.0453125 0.03796296296296296
0 0.7325520833333333 0.32731481481481484 0.01875 0.021296296296296296
0 0.68984375 0.3375 0.021354166666666667 0.025925925925925925
0 0.72890625 0.3101851851851852 0.016145833333333335 0.017592592592592594
0 0.7755208333333333 0.2884259259259259 0.011979166666666667 0.01574074074074074
0 0.7638020833333333 0.28194444444444444 0.011458333333333333 0.012962962962962963
0 0.7825520833333334 0.26944444444444443 0.009375 0.012037037037037037
0 0.5783854166666667 0.7539259259259259 0.09479166666666666 0.1259259259259259
0 0.8 0.2657407407407407 0.010416666666666666 0.013888888888888888
0 0.7833333333333333 0.29768518518518516 0.011979166666666667 0.018518518518518517
0 0.809375 0.25 0.009895833333333333 0.012037037037037037
2 0.016666666666666666 0.46944444444444444 0.03333333333333333 0.10185185185185185
0 0.3076041666666667 0.4174907407407407 0.031765625000000006 0.03169444444444446
0 0.279890625 0.41518518518518516 0.03403645833333332 0.030537037037037053
0 0.34110416666666665 0.3795648148148148 0.021578125000000035 0.033194444444444464
0 0.40103125 0.3686666666666667 0.03913541666666672 0.0319907407407407
