3 0.73046875 0.8462962962962963 0.013020833333333334 0.03148148148148148
3 0.7869791666666667 0.8583333333333333 0.0125 0.044444444444444446
4 0.2989583333333333 0.8027777777777778 0.309375 0.39351851851851855
5 0.3546875 0.5662037037037037 0.07135416666666666 0.06018518518518518
5 0.61171875 0.4305555555555556 0.03854166666666667 0.044444444444444446
5 0.7122395833333334 0.7555555555555555 0.08125 0.13055555555555556
5 0.6736979166666667 0.3685185185185185 0.0265625 0.032407407407407406
5 0.6263020833333334 0.375 0.027604166666666666 0.03518518518518519
2 0.7692708333333333 0.8305555555555556 0.022916666666666665 0.1
5 0.7627604166666667 0.3472222222222222 0.023958333333333335 0.04537037037037037
5 0.803125 0.2986111111111111 0.013020833333333334 0.020370370370370372
5 0.5778645833333333 0.7537037037037037 0.09322916666666667 0.12685185185185185
5 0.7513020833333334 0.31296296296296294 0.015104166666666667 0.019444444444444445
5 0.7765625 0.29907407407407405 0.015104166666666667 0.030555555555555555
4 0.10885416666666667 0.8157407407407408 0.2171875 0.3388888888888889
5 0.8057291666666667 0.27870370370370373 0.009895833333333333 0.012962962962962963
4 0.82734375 0.2675925925925926 0.014583333333333334 0.027777777777777776
5 0.3125 0.4027777777777778 0.0375 0.03148148148148148
5 0.7200520833333334 0.33287037037037037 0.020833333333333332 0.028703703703703703
5 0.75546875 0.2875 0.0109375 0.016666666666666666
5 0.78671875 0.2791666666666667 0.010416666666666666 0.013888888888888888
5 0.77265625 0.2935185185185185 0.015625 0.022222222222222223
5 0.81328125 0.2574074074074074 0.009375 0.012037037037037037
5 0.24947916666666667 0.4388888888888889 0.035416666666666666 0.03148148148148148
5 0.7283854166666667 0.3050925925925926 0.015104166666666667 0.020370370370370372
5 0.79921875 0.25601851851851853 0.008333333333333333 0.012037037037037037
5 0.28671875 0.3837962962962963 0.0296875 0.03148148148148148
5 0.8010416666666667 0.2550925925925926 0.008333333333333333 0.011111111111111112
5 0.8286458333333333 0.2513888888888889 0.010416666666666666 0.011111111111111112
5 0.10494791666666667 0.41712962962962963 0.0234375 0.025925925925925925