1 0.463671875 0.45208333333333334 0.06015625 0.14722222222222223
1 0.423046875 0.39166666666666666 0.053125 0.12361111111111112
0 0.5328125 0.5076388888888889 0.046875 0.10833333333333334
0 0.896484375 0.5222222222222223 0.08359375 0.12638888888888888
0 0.76328125 0.47847222222222224 0.05546875 0.07916666666666666
0 0.808203125 0.3972222222222222 0.0515625 0.07777777777777778
1 0.748828125 0.325 0.05078125 0.07777777777777778
0 0.6390625 0.3645833333333333 0.0328125 0.04722222222222222
1 0.68671875 0.24375 0.03359375 0.06388888888888888
1 0.49140625 0.24097222222222223 0.02421875 0.05277777777777778
1 0.458203125 0.2423611111111111 0.02109375 0.044444444444444446
0 0.7046875 0.2777777777777778 0.03125 0.05138888888888889
0 0.6265625 0.26666666666666666 0.021875 0.029166666666666667
0 0.448828125 0.20833333333333334 0.01328125 0.019444444444444445
0 0.424609375 0.18541666666666667 0.0125 0.016666666666666666
1 0.63671875 0.22083333333333333 0.0375 0.07222222222222222
0 0.367578125 0.17083333333333334 0.009375 0.015277777777777777
0 0.507421875 0.23819444444444443 0.0171875 0.02361111111111111
0 0.575390625 0.24513888888888888 0.021875 0.030555555555555555
0 0.46875 0.2222222222222222 0.01484375 0.025
1 0.524953125 0.18918055555555557 0.026023437499999958 0.03486111111111112
1 0.4691640625 0.17270833333333332 0.015687499999999945 0.025986111111111102
1 0.3958984375 0.15084722222222222 0.02174999999999998 0.02155555555555557
1 0.3360078125 0.15718055555555555 0.016757812500000035 0.02915277777777779
1 0.3163984375 0.135625 0.018179687499999986 0.02408333333333334
0 0.29874999999999996 0.14956944444444445 0.00998437499999998 0.01140277777777779
0 0.3547265625 0.1609861111111111 0.010695312500000043 0.01140277777777779
1 0.281640625 0.14672222222222223 0.0142578125 0.022180555555555554
1 0.2495546875 0.1403888888888889 0.012124999999999986 0.02091666666666667
0 0.5434921875 0.22213888888888889 0.013187500000000085 0.019652777777777745
0 0.499109375 0.19456944444444446 0.012124999999999986 0.015208333333333317
0 0.43822656249999997 0.16722222222222222 0.010070312500000077 0.014319444444444447
