3 0.2609375 0.6909722222222222 0.021875 0.020833333333333332
4 0.51796875 0.5590277777777778 0.0765625 0.14444444444444443
4 0.553125 0.4395833333333333 0.03515625 0.0763888888888889
5 0.5875 0.5666666666666667 0.034375 0.06111111111111111
5 0.675 0.45555555555555555 0.01953125 0.029166666666666667
5 0.626171875 0.4395833333333333 0.01640625 0.027777777777777776
4 0.698046875 0.40208333333333335 0.02109375 0.04583333333333333
4 0.730078125 0.42083333333333334 0.0265625 0.05694444444444444
5 0.672265625 0.3909722222222222 0.0109375 0.016666666666666666
5 0.661328125 0.37777777777777777 0.0109375 0.013888888888888888
4 0.7697578125 0.4955416666666667 0.049812499999999996 0.05209722222222221