0 0.9 0.7555555555555555 0.1109375 0.15138888888888888
1 0.28203125 0.6513888888888889 0.13828125 0.2763888888888889
0 0.734765625 0.7361111111111112 0.08203125 0.12222222222222222
0 0.78828125 0.5125 0.059375 0.0875
1 0.693359375 0.26666666666666666 0.03671875 0.059722222222222225
1 0.506640625 0.2847222222222222 0.03046875 0.0763888888888889
0 0.775390625 0.36527777777777776 0.0453125 0.08055555555555556
0 0.668359375 0.30972222222222223 0.02890625 0.041666666666666664
0 0.668359375 0.44375 0.05078125 0.09166666666666666
0 0.834375 0.44027777777777777 0.05546875 0.08055555555555556
1 0.460546875 0.28888888888888886 0.028125 0.06111111111111111
1 0.36953125 0.16597222222222222 0.01875 0.029166666666666667
0 0.537890625 0.28055555555555556 0.0203125 0.03194444444444444
0 0.665625 0.2388888888888889 0.02578125 0.0375
0 0.471484375 0.2298611111111111 0.01640625 0.02361111111111111
0 0.72734375 0.3034722222222222 0.034375 0.05555555555555555
1 0.59375 0.20347222222222222 0.03515625 0.05555555555555555
0 0.488671875 0.2465277777777778 0.0171875 0.03194444444444444
0 0.406640625 0.18472222222222223 0.0109375 0.016666666666666666
1 0.652734375 0.21805555555555556 0.02421875 0.04861111111111111
0 0.455859375 0.1986111111111111 0.01875 0.020833333333333332
1 0.21587499999999998 0.9214583333333334 0.1963828125 0.15706944444444432
