3 0.7640625 0.3824074074074074 0.04791666666666667 0.03888888888888889
5 0.8239583333333333 0.09814814814814815 0.020833333333333332 0.025925925925925925
3 0.909375 0.7981481481481482 0.04791666666666667 0.14814814814814814
3 0.8793333333333333 0.5304537037037037 0.020885416666666618 0.0954814814814816
3 0.8593437500000001 0.3479814814814815 0.01909895833333337 0.05728703703703704
3 0.8563437500000001 0.24231481481481482 0.013510416666666695 0.045212962962962976
3 0.85584375 0.19790740740740742 0.006973958333333267 0.03373148148148149
3 0.8607239583333333 0.14830555555555555 0.006140624999999981 0.01785185185185188
3 0.7185364583333332 0.1008425925925926 0.004880208333333276 0.018435185185185183
3 0.589984375 0.15750925925925927 0.007624999999999934 0.02764814814814816
3 0.53234375 0.18434259259259259 0.011286458333333312 0.03036111111111113
3 0.4858333333333333 0.2038611111111111 0.012197916666666704 0.03903703703703706
4 0.167328125 0.6268796296296296 0.33465104166666665 0.7462407407407408