1 0.55703125 0.48819444444444443 0.0515625 0.09722222222222222
0 0.675 0.4930555555555556 0.02265625 0.034722222222222224
0 0.612890625 0.48819444444444443 0.02109375 0.03888888888888889
1 0.701953125 0.41597222222222224 0.021875 0.05138888888888889
1 0.742578125 0.44375 0.03125 0.06805555555555555
1 0.573046875 0.4173611111111111 0.0296875 0.0625
0 0.63125 0.41875 0.01328125 0.022222222222222223
0 0.680859375 0.4027777777777778 0.0125 0.019444444444444445
0 0.668359375 0.38680555555555557 0.0109375 0.015277777777777777
1 0.694921875 0.38125 0.0171875 0.03194444444444444
