1 0.53125 0.5347222222222222 0.0671875 0.12638888888888888
0 0.59765625 0.5388888888888889 0.03359375 0.05277777777777778
1 0.558984375 0.43333333333333335 0.0328125 0.07083333333333333
0 0.675 0.46458333333333335 0.01953125 0.029166666666666667
1 0.73359375 0.42777777777777776 0.0265625 0.058333333333333334
1 0.699609375 0.40625 0.02109375 0.04583333333333333
0 0.62890625 0.4326388888888889 0.01328125 0.025
0 0.673828125 0.39375 0.01171875 0.016666666666666666
0 0.688671875 0.3840277777777778 0.009375 0.013888888888888888
1 0.7739296875 0.49740277777777775 0.0478515625 0.043402777777777776
