3 0.50390625 0.9703703703703703 0.0203125 0.05555555555555555
3 0.56171875 0.3287037037037037 0.03697916666666667 0.03148148148148148
4 0.5528645833333333 0.25046296296296294 0.030729166666666665 0.075
5 0.63203125 0.1865740740740741 0.015104166666666667 0.023148148148148147
4 0.49583333333333335 0.17685185185185184 0.020833333333333332 0.04537037037037037
4 0.5762291666666666 0.13928703703703704 0.016145833333333335 0.027777777777777776
4 0.5078125 0.1597222222222222 0.016666666666666666 0.028703703703703703
4 0.6773125 0.20028703703703704 0.0203125 0.041666666666666664
3 0.07639583333333334 0.9479537037037037 0.028874999999999998 0.09034259259259264
3 0.21360416666666668 0.7284444444444444 0.018166666666666664 0.06197222222222228
3 0.28061458333333333 0.6201944444444444 0.01022395833333339 0.059342592592592516
3 0.31845312499999995 0.5539722222222222 0.012510416666666658 0.04453703703703695
3 0.35869791666666667 0.49298148148148146 0.012390624999999982 0.03590740740740738
3 0.3872708333333333 0.44099074074074074 0.008182291666666685 0.030314814814814822
3 0.4120520833333333 0.39681481481481484 0.004812500000000005 0.029648148148148132
3 0.4683541666666667 0.3035277777777778 0.006739583333333362 0.02274074074074069
3 0.4306979166666667 0.36771296296296296 0.010828124999999982 0.031342592592592616
3 0.33938541666666666 0.31722222222222224 0.00866145833333339 0.024462962962962926
3 0.44564583333333335 0.3486944444444444 0.010562499999999985 0.026287037037037025
3 0.48190104166666664 0.28635185185185186 0.006484375000000024 0.016898148148148148
3 0.3981302083333333 0.26358333333333334 0.004239583333333385 0.011935185185185172
3 0.4190260416666666 0.24588888888888888 0.005416666666666714 0.015851851851851857
3 0.40490104166666663 0.25639814814814815 0.0033385416666667092 0.012814814814814845
3 0.48960937499999996 0.2738611111111111 0.005776041666666624 0.019648148148148175
3 0.5088333333333334 0.24432407407407408 0.004510416666666709 0.011925925925925921
3 0.5046145833333333 0.2535925925925926 0.008260416666666614 0.015222222222222272
3 0.49836458333333333 0.2621388888888889 0.005234374999999976 0.015462962962963005
3 0.516390625 0.2270740740740741 0.00383854166666661 0.011111111111111112
3 0.45496875 0.3251759259259259 0.017484374999999965 0.021046296296296313
4 0.6435260416666666 0.15750925925925927 0.018942708333333277 0.021601851851851837
4 0.5559999999999999 0.13442592592592592 0.015786458333333305 0.0190925925925926