3 0.678125 0.513425925925926 0.026041666666666668 0.013888888888888888
5 0.17447916666666666 0.3814814814814815 0.10989583333333333 0.07685185185185185
4 0.8268229166666666 0.23194444444444445 0.065625 0.13055555555555556
4 0.53671875 0.2300925925925926 0.06770833333333333 0.08611111111111111
4 0.68828125 0.17962962962962964 0.04739583333333333 0.0712962962962963
5 0.7768229166666667 0.14074074074074075 0.019270833333333334 0.025
4 0.88828125 0.09953703703703703 0.016145833333333335 0.03425925925925926
5 0.7817708333333333 0.1175925925925926 0.013020833333333334 0.018518518518518517
5 0.7588541666666667 0.1259259259259259 0.014583333333333334 0.020370370370370372
5 0.72734375 0.12916666666666668 0.021354166666666667 0.021296296296296296
5 0.8677083333333333 0.11296296296296296 0.011979166666666667 0.018518518518518517
5 0.8098958333333334 0.09953703703703703 0.011979166666666667 0.017592592592592594