3 0.7302083333333333 0.8467592592592592 0.0125 0.030555555555555555
3 0.7872395833333333 0.8587962962962963 0.011979166666666667 0.04351851851851852
4 0.62109375 0.4847222222222222 0.10104166666666667 0.1537037037037037
5 0.38828125 0.5875 0.06614583333333333 0.07777777777777778
4 0.5546875 0.46435185185185185 0.0828125 0.1175925925925926
5 0.7122395833333334 0.7569444444444444 0.08072916666666667 0.13055555555555556
5 0.27838541666666666 0.6199074074074075 0.07760416666666667 0.07777777777777778
5 0.7174479166666666 0.3537037037037037 0.0234375 0.028703703703703703
5 0.7252604166666666 0.32685185185185184 0.018229166666666668 0.025
5 0.78828125 0.3162037037037037 0.016145833333333335 0.03518518518518519
5 0.6908854166666667 0.3296296296296296 0.01875 0.025
5 0.7549479166666667 0.30416666666666664 0.015625 0.021296296296296296
2 0.7546875 0.8152777777777778 0.019791666666666666 0.09351851851851851
5 0.5778645833333333 0.7537037037037037 0.09375 0.12685185185185185
4 0.1234375 0.9282407407407407 0.246875 0.14351851851851852
5 0.7723958333333333 0.2902777777777778 0.011458333333333333 0.014814814814814815
5 0.8171875 0.2791666666666667 0.0109375 0.01574074074074074
5 0.27671874999999996 0.6199074074074075 0.07760416666666667 0.07777777777777778
5 0.7927083333333333 0.28379629629629627 0.0140625 0.023148148148148147
5 0.7809895833333333 0.26805555555555555 0.009375 0.014814814814814815
5 0.7578125 0.28425925925925927 0.011458333333333333 0.016666666666666666
5 0.7723958333333333 0.27546296296296297 0.010416666666666666 0.013888888888888888
5 0.7731770833333333 0.27361111111111114 0.0078125 0.012962962962962963
5 0.8015625 0.2740740740740741 0.010416666666666666 0.017592592592592594
5 0.81015625 0.24814814814814815 0.007291666666666667 0.011111111111111112
5 0.8213541666666667 0.2523148148148148 0.010416666666666666 0.010185185185185186
2 0.6835364583333334 0.7783425925925926 0.02219791666666661 0.08435185185185176
2 0.7056302083333333 0.7845648148148149 0.018557291666666722 0.08409259259259254