0 0.08307291666666666 0.8296296296296296 0.16614583333333333 0.1638888888888889
0 0.16744791666666667 0.4837962962962963 0.10885416666666667 0.1037037037037037
0 0.55 0.41064814814814815 0.058333333333333334 0.06296296296296296
0 0.5549479166666667 0.32222222222222224 0.046875 0.04351851851851852
0 0.7513020833333334 0.22361111111111112 0.0265625 0.02962962962962963
0 0.7638020833333333 0.19398148148148148 0.021875 0.028703703703703703
2 0.7072916666666667 0.19583333333333333 0.04635416666666667 0.06388888888888888
0 0.011458333333333333 0.5412037037037037 0.022916666666666665 0.10462962962962963
1 0.790625 0.10231481481481482 0.0203125 0.027777777777777776
0 0.7745625 0.14894444444444446 0.015234375 0.0220462962962963
0 0.7931614583333333 0.12752777777777777 0.013463541666666618 0.01700000000000001
0 0.826109375 0.11525 0.012046875000000058 0.007555555555555565
0 0.8760572916666667 0.10454629629629629 0.009916666666666648 0.008814814814814824
1 0.8886354166666667 0.09887037037037037 0.013817708333333437 0.020157407407407416
1 0.8500208333333333 0.09037037037037036 0.013109375000000038 0.01574074074074074
0 0.024380208333333334 0.2298796296296296 0.03394791666666667 0.034018518518518504
