1 0.56015625 0.4840277777777778 0.05 0.09305555555555556
0 0.675 0.4986111111111111 0.02265625 0.034722222222222224
0 0.6140625 0.48194444444444445 0.02109375 0.0375
1 0.57578125 0.41458333333333336 0.0296875 0.06111111111111111
1 0.74453125 0.4527777777777778 0.03125 0.05694444444444444
0 0.682421875 0.4048611111111111 0.0125 0.018055555555555554
1 0.702734375 0.41875 0.02265625 0.05138888888888889
0 0.631640625 0.41597222222222224 0.01328125 0.022222222222222223
0 0.66953125 0.38819444444444445 0.01171875 0.015277777777777777
1 0.694921875 0.3861111111111111 0.01640625 0.025
2 0.6028828125000001 0.36816666666666664 0.0126953125 0.03083333333333336
1 0.5876484375000001 0.353125 0.009304687500000065 0.020305555555555563
