3 0.5346354166666667 0.9712962962962963 0.028645833333333332 0.02962962962962963
4 0.2559895833333333 0.5476851851851852 0.17552083333333332 0.18425925925925926
5 0.5020833333333333 0.6296296296296297 0.04895833333333333 0.06666666666666667
5 0.6247395833333333 0.5222222222222223 0.03229166666666667 0.05555555555555555
5 0.503125 0.5509259259259259 0.040625 0.049074074074074076
5 0.5856770833333333 0.5027777777777778 0.029166666666666667 0.03888888888888889
5 0.5786458333333333 0.44675925925925924 0.021875 0.03611111111111111
5 0.63125 0.38333333333333336 0.019791666666666666 0.020370370370370372
5 0.6630208333333333 0.387037037037037 0.009895833333333333 0.018518518518518517
0 0.6484375 0.3875 0.019791666666666666 0.03888888888888889
5 0.7080729166666667 0.3472222222222222 0.011458333333333333 0.018518518518518517
4 0.6028645833333334 0.45601851851851855 0.0359375 0.06851851851851852