3 0.73046875 0.8472222222222222 0.0140625 0.03148148148148148
3 0.7869791666666667 0.8587962962962963 0.013541666666666667 0.04537037037037037
5 0.06510416666666667 0.7657407407407407 0.13020833333333334 0.10462962962962963
5 0.4552083333333333 0.6069444444444444 0.065625 0.07222222222222222
5 0.71171875 0.7574074074074074 0.08229166666666667 0.13333333333333333
4 0.7411458333333333 0.3592592592592593 0.04791666666666667 0.08333333333333333
5 0.5950520833333334 0.4023148148148148 0.030208333333333334 0.037037037037037035
5 0.7807291666666667 0.300462962962963 0.014583333333333334 0.018518518518518517
5 0.6604166666666667 0.37916666666666665 0.027083333333333334 0.03518518518518519
4 0.6153645833333333 0.5037037037037037 0.07239583333333334 0.10925925925925926
5 0.5778645833333333 0.7532407407407408 0.09375 0.12777777777777777
4 0.7203125 0.3402777777777778 0.041666666666666664 0.062037037037037036
2 0.7528645833333333 0.812037037037037 0.018229166666666668 0.0962962962962963
5 0.6768229166666667 0.34305555555555556 0.021875 0.025
5 0.18723958333333332 0.9657407407407408 0.16822916666666668 0.06851851851851852
4 0.8130208333333333 0.28888888888888886 0.0125 0.025
5 0.7690104166666667 0.29305555555555557 0.015104166666666667 0.017592592592592594
0 0.42291666666666666 0.3296296296296296 0.04375 0.04537037037037037
5 0.7466145833333333 0.2912037037037037 0.015104166666666667 0.017592592592592594
5 0.8005208333333333 0.2689814814814815 0.009375 0.012037037037037037
5 0.3145833333333333 0.3837962962962963 0.030729166666666665 0.041666666666666664
5 0.796875 0.25787037037037036 0.009375 0.012962962962962963
5 0.7882187500000001 0.27714814814814814 0.01295833333333339 0.01633333333333332
5 0.826234375 0.2578796296296296 0.009375 0.012962962962962963
4 0.8450677083333333 0.24537037037037038 0.009270833333333428 0.022731481481481467
5 0.835125 0.2626574074074074 0.007932291666666676 0.012407407407407386
5 0.8115729166666666 0.24862962962962962 0.005802083333333267 0.008203703703703717
5 0.36416145833333335 0.6157222222222223 0.0734375 0.06851851851851852