3 0.50390625 0.9699074074074074 0.0203125 0.05462962962962963
3 0.5619791666666667 0.32916666666666666 0.036458333333333336 0.032407407407407406
5 0.7393229166666667 0.587037037037037 0.07239583333333334 0.10277777777777777
4 0.9197916666666667 0.47824074074074074 0.16041666666666668 0.23981481481481481
2 0.44869791666666664 0.7342592592592593 0.0296875 0.12407407407407407
4 0.5528645833333333 0.25092592592592594 0.03229166666666667 0.075
4 0.48984375 0.21388888888888888 0.03177083333333333 0.06759259259259259
5 0.6625 0.23194444444444445 0.022916666666666665 0.03333333333333333
4 0.6520833333333333 0.16296296296296298 0.0171875 0.03148148148148148
3 0.07315104166666667 0.9449722222222222 0.02846354166666666 0.08077777777777778
3 0.21096875 0.7261481481481482 0.0174791666666667 0.05681481481481472
3 0.2778802083333333 0.6111944444444445 0.01847395833333335 0.04882407407407409
3 0.317578125 0.5574814814814815 0.011984374999999995 0.044388888888888936
3 0.35827604166666666 0.4917962962962963 0.009489583333333348 0.03373148148148154
3 0.38498958333333333 0.4416388888888889 0.008989583333333329 0.031074074074074025
3 0.414203125 0.39591666666666664 0.009489583333333348 0.02662962962962962
3 0.4296770833333333 0.363787037037037 0.0077395833333332815 0.03065740740740742
3 0.44181770833333334 0.34658333333333335 0.006687499999999957 0.027527777777777793
3 0.467328125 0.3065462962962963 0.004927083333333352 0.020018518518518522
3 0.48088020833333334 0.2859074074074074 0.0059843750000000044 0.021268518518518544
3 0.48855729166666667 0.27331481481481484 0.005291666666666709 0.014629629629629588
3 0.49766666666666665 0.2612962962962963 0.004114583333333381 0.015675925925925878
3 0.5038385416666666 0.25319444444444444 0.004114583333333381 0.015157407407407411
3 0.50825 0.24326851851851852 0.004703124999999986 0.01411111111111112
3 0.5122604166666667 0.23538888888888887 0.004369791666666719 0.012944444444444436
3 0.515796875 0.22928703703703704 0.0027031250000000284 0.010351851851851859
3 0.3383541666666667 0.31600925925925927 0.0039531249999999575 0.018861111111111117
3 0.34386458333333336 0.3113888888888889 0.003328125000000052 0.016268518518518564
3 0.34750520833333337 0.3080648148148148 0.0022864583333333855 0.015537037037037012
3 0.3498958333333333 0.30510185185185185 0.0029114583333332907 0.014796296296296313
3 0.39711979166666667 0.2635 0.004994791666666624 0.01072222222222226
3 0.405125 0.2596111111111111 0.0031197916666666713 0.007398148148148156
3 0.41303125 0.2522222222222222 0.0031197916666666713 0.010351851851851805
3 0.41875520833333335 0.24500925925925926 0.004578124999999981 0.01368518518518516
3 0.518140625 0.22528703703703704 0.002499999999999976 0.0117685185185185
3 0.5205677083333333 0.2212314814814815 0.0020572916666666903 0.009935185185185201
3 0.522625 0.2170462962962963 0.002354166666666657 0.00888888888888891
3 0.5244635416666666 0.21116666666666667 0.002499999999999976 0.008111111111111102
3 0.5265260416666666 0.20632407407407408 0.0019114583333333713 0.006796296296296273
3 0.526984375 0.19604629629629627 0.002692708333333371 0.006916666666666692
3 0.5281041666666667 0.18899074074074076 0.0019427083333333427 0.006120370370370383
3 0.5304270833333333 0.18739814814814815 0.0020937499999999906 0.007185185185185176
3 0.53221875 0.18194444444444444 0.0017968750000000237 0.007444444444444464
3 0.5733229166666667 0.19365740740740742 0.01189583333333341 0.015379629629629642
5 0.5177708333333333 0.15737962962962962 0.008921875000000056 0.009129629629629642
4 0.5253385416666666 0.13503703703703704 0.007296874999999995 0.011537037037037018
4 0.5183125 0.13599074074074075 0.00567708333333338 0.008648148148148125
4 0.6133124999999999 0.1534351851851852 0.012208333333333361 0.024666666666666653