2 0.9640625 0.13125 0.0703125 0.0765625
2 0.896875 0.64296875 0.1640625 0.2203125
2 0.828125 0.53125 0.13828125 0.17265625
2 0.625 0.4140625 0.11640625 0.1359375
2 0.07421875 0.72578125 0.1453125 0.2953125
2 0.78671875 0.43515625 0.115625 0.153125
2 0.86796875 0.13125 0.0546875 0.07109375
2 0.9453125 0.0828125 0.10546875 0.0625
2 0.590625 0.31171875 0.09609375 0.15859375
2 0.2703125 0.66875 0.171875 0.37421875
2 0.10078125 0.565625 0.1296875 0.178125
2 0.134375 0.48984375 0.09765625 0.13046875
2 0.175 0.4234375 0.10078125 0.13359375
2 0.71015625 0.66328125 0.15703125 0.28671875
2 0.5921875 0.015625 0.03203125 0.0265625
2 0.50390625 0.7375 0.1359375 0.28046875
2 0.46796875 0.51640625 0.1078125 0.171875
2 0.3 0.41796875 0.090625 0.1359375
2 0.4765625 0.390625 0.09375 0.1140625
2 0.45546875 0.3015625 0.0796875 0.103125
2 0.32421875 0.303125 0.0703125 0.1
2 0.19609375 0.32890625 0.0796875 0.075
2 0.21328125 0.2640625 0.0546875 0.0609375
2 0.4375 0.2125 0.065625 0.075
2 0.55390625 0.21796875 0.0578125 0.046875
2 0.53671875 0.1515625 0.0703125 0.08046875
2 0.43828125 0.14296875 0.0546875 0.0640625