2 0.8375 0.51015625 0.1453125 0.1703125
2 0.90546875 0.628125 0.16484375 0.22734375
2 0.79609375 0.415625 0.1125 0.14765625
2 0.07734375 0.70234375 0.14921875 0.2875
2 0.9515625 0.09296875 0.07578125 0.075
2 0.684375 0.01953125 0.046875 0.0390625
2 0.6234375 0.39296875 0.09921875 0.13671875
2 0.60078125 0.2890625 0.0953125 0.146875
2 0.27890625 0.68125 0.165625 0.315625
2 0.10859375 0.53984375 0.134375 0.1765625
2 0.1890625 0.396875 0.090625 0.12421875
2 0.5125 0.7109375 0.1375 0.2890625
2 0.71953125 0.64140625 0.1484375 0.25546875
2 0.4765625 0.5 0.096875 0.16640625
2 0.31015625 0.40546875 0.0953125 0.128125
2 0.48671875 0.37890625 0.0984375 0.125
2 0.203125 0.303125 0.075 0.05546875
2 0.3328125 0.27890625 0.075 0.1140625
2 0.46484375 0.275 0.0734375 0.09453125
2 0.24140625 0.21640625 0.0671875 0.1109375
2 0.35625 0.1984375 0.05625 0.075
2 0.54609375 0.1375 0.0609375 0.08046875
2 0.45234375 0.19296875 0.0671875 0.0859375
2 0.4453125 0.1265625 0.053125 0.0640625
2 0.35546875 0.13046875 0.0484375 0.0609375
2 0.26953125 0.1140625 0.0546875 0.05