2 0.8953125 0.61015625 0.159375 0.22109375
2 0.94140625 0.07421875 0.06796875 0.0703125
2 0.828125 0.496875 0.14765625 0.17421875
2 0.6203125 0.378125 0.10703125 0.1359375
2 0.075 0.67578125 0.1484375 0.32421875
2 0.13046875 0.45859375 0.1015625 0.14375
2 0.7109375 0.62734375 0.153125 0.2859375
2 0.8796875 0.0328125 0.09921875 0.065625
2 0.178125 0.38203125 0.0890625 0.13046875
2 0.7890625 0.403125 0.1125 0.1515625
2 0.59140625 0.27578125 0.0953125 0.153125
2 0.1015625 0.52734375 0.12578125 0.17734375
2 0.27578125 0.66640625 0.1328125 0.2890625
2 0.5015625 0.70703125 0.1375 0.29140625
2 0.4671875 0.490625 0.10625 0.175
2 0.47578125 0.3640625 0.0984375 0.11640625
2 0.303125 0.390625 0.1 0.13046875
2 0.1953125 0.296875 0.065625 0.05546875
2 0.32421875 0.26953125 0.0796875 0.11640625
2 0.459375 0.2625 0.078125 0.08046875
2 0.5609375 0.1890625 0.05625 0.0390625
2 0.54140625 0.1265625 0.0640625 0.0859375
2 0.44453125 0.1765625 0.0640625 0.06953125
2 0.346875 0.19296875 0.065625 0.0859375
2 0.2328125 0.190625 0.0625 0.09140625
2 0.34921875 0.12109375 0.0609375 0.053125
2 0.24140625 0.13203125 0.0515625 0.046875
2 0.43828125 0.10390625 0.0515625 0.06953125