2 0.83125 0.48984375 0.1484375 0.17109375
2 0.89375 0.60859375 0.16796875 0.225
2 0.7875 0.39765625 0.11328125 0.14296875
2 0.07421875 0.6890625 0.14609375 0.28984375
2 0.9390625 0.0609375 0.07421875 0.0890625
2 0.16953125 0.37890625 0.10078125 0.1265625
2 0.61484375 0.37578125 0.096875 0.13359375
2 0.59140625 0.27109375 0.09453125 0.15546875
2 0.71015625 0.61171875 0.1578125 0.3
2 0.134375 0.4546875 0.1046875 0.15078125
2 0.09765625 0.52109375 0.1328125 0.18125
2 0.271875 0.62109375 0.17578125 0.38515625
2 0.5015625 0.7015625 0.14375 0.296875
2 0.46796875 0.478125 0.1046875 0.16640625
2 0.67109375 0.4484375 0.0984375 0.08046875
2 0.475 0.35859375 0.10625 0.121875
2 0.30234375 0.38359375 0.0953125 0.1390625
2 0.19765625 0.29140625 0.0796875 0.078125
2 0.3265625 0.26640625 0.08125 0.11640625
2 0.45703125 0.24609375 0.0765625 0.103125
2 0.55703125 0.18203125 0.0578125 0.075
2 0.4453125 0.16796875 0.065625 0.09140625
2 0.34765625 0.19296875 0.0640625 0.0859375
2 0.23203125 0.1890625 0.0671875 0.1
2 0.23828125 0.13046875 0.0515625 0.0609375
2 0.34921875 0.11953125 0.0578125 0.08359375
2 0.4359375 0.0875 0.05 0.053125
2 0.54140625 0.115625 0.0640625 0.08046875
2 0.51328125 0.065625 0.0546875 0.0640625