2 0.81953125 0.49140625 0.15078125 0.1734375
2 0.871875 0.6171875 0.2078125 0.23046875
2 0.07890625 0.625 0.15625 0.40703125
2 0.6015625 0.3765625 0.090625 0.13046875
2 0.77890625 0.39296875 0.11640625 0.14140625
2 0.5828125 0.26796875 0.09453125 0.14921875
2 0.1234375 0.45546875 0.103125 0.15078125
2 0.7 0.6296875 0.15859375 0.2796875
2 0.1578125 0.3765625 0.10546875 0.134375
2 0.921875 0.06953125 0.06875 0.0765625
2 0.978125 0.05625 0.04296875 0.08203125
2 0.2609375 0.665625 0.15 0.3140625
2 0.49296875 0.70703125 0.1421875 0.296875
2 0.45546875 0.484375 0.1046875 0.175
2 0.2875 0.3859375 0.103125 0.15
2 0.3 0.478125 0.109375 0.13359375
2 0.46328125 0.35390625 0.0984375 0.1359375
2 0.31015625 0.2625 0.0765625 0.1140625
2 0.20234375 0.24453125 0.0703125 0.06640625
2 0.18359375 0.290625 0.0703125 0.0640625
2 0.44453125 0.24453125 0.0734375 0.078125
2 0.5453125 0.19296875 0.05 0.06953125
2 0.43125 0.16640625 0.059375 0.071875
2 0.52890625 0.1140625 0.0609375 0.078125
2 0.4234375 0.1109375 0.053125 0.05
2 0.3390625 0.12890625 0.05625 0.09140625
2 0.225 0.1390625 0.05 0.06640625
2 0.2515625 0.09296875 0.0375 0.053125
2 0.35234375 0.0640625 0.0546875 0.071875