2 0.8109375 0.490625 0.15234375 0.1625
2 0.59609375 0.3765625 0.09296875 0.13203125
2 0.7703125 0.39609375 0.1140625 0.13984375
2 0.07578125 0.55390625 0.14921875 0.23828125
2 0.88046875 0.634375 0.1984375 0.25
2 0.5765625 0.27109375 0.096875 0.15234375
2 0.053125 0.740625 0.1015625 0.32421875
2 0.9140625 0.07109375 0.06796875 0.07109375
2 0.21328125 0.18046875 0.08515625 0.13515625
2 0.15625 0.375 0.0953125 0.13359375
2 0.7015625 0.64609375 0.165625 0.30859375
2 0.1140625 0.4515625 0.10234375 0.14453125
2 0.175 0.28359375 0.0625 0.06640625
2 0.24375 0.734375 0.159375 0.346875
2 0.4890625 0.74453125 0.146875 0.3
2 0.44921875 0.490625 0.1078125 0.1859375
2 0.2859375 0.5109375 0.10625 0.16640625
2 0.45859375 0.3765625 0.1046875 0.1359375
2 0.2828125 0.371875 0.09375 0.121875
2 0.4375 0.253125 0.078125 0.1109375
2 0.6578125 0.4609375 0.1 0.11640625
2 0.30625 0.26796875 0.075 0.1140625
2 0.3265625 0.2 0.059375 0.09453125
2 0.42265625 0.1734375 0.0734375 0.08046875
2 0.53359375 0.175 0.0578125 0.078125
2 0.5234375 0.1125 0.06875 0.075
2 0.33203125 0.12109375 0.0578125 0.0640625
2 0.41796875 0.096875 0.0609375 0.06640625
2 0.48984375 0.05703125 0.0484375 0.053125
2 0.2375 0.09453125 0.04375 0.05546875
2 0.34140625 0.07109375 0.0484375 0.046875
2 0.41171875 0.0390625 0.0453125 0.05