2 0.10234375 0.76953125 0.171875 0.28828125
2 0.315625 0.734375 0.1484375 0.296875
2 0.53984375 0.78046875 0.1546875 0.27578125
2 0.74765625 0.71015625 0.1640625 0.27265625
2 0.928125 0.6671875 0.1421875 0.21796875
2 0.85625 0.53828125 0.12421875 0.1421875
2 0.821875 0.4390625 0.11875 0.11171875
2 0.65546875 0.453125 0.10546875 0.1390625
2 0.71171875 0.52890625 0.11015625 0.09296875
2 0.50390625 0.56015625 0.11640625 0.175
2 0.34296875 0.559375 0.10546875 0.09765625
2 0.13046875 0.58203125 0.13671875 0.1546875
2 0.1734375 0.49609375 0.090625 0.06328125
2 0.21484375 0.43515625 0.0828125 0.07890625
2 0.3375 0.45234375 0.09453125 0.1265625
2 0.5109375 0.43046875 0.103125 0.11171875
2 0.4921875 0.34140625 0.07890625 0.0875
2 0.359375 0.34140625 0.0765625 0.090625
2 0.23359375 0.37109375 0.08359375 0.05859375
2 0.253125 0.3328125 0.0625 0.06328125
2 0.26953125 0.265625 0.06875 0.08046875
2 0.38359375 0.271875 0.0625 0.071875
2 0.47578125 0.25625 0.0703125 0.071875
2 0.6296875 0.3296875 0.09453125 0.1046875
2 0.5890625 0.26171875 0.06328125 0.04765625
2 0.5765625 0.2 0.06328125 0.06875
2 0.38359375 0.20625 0.0625 0.090625
2 0.47109375 0.1734375 0.0546875 0.0359375
2 0.47265625 0.20625 0.0578125 0.04296875
2 0.27265625 0.2109375 0.0578125 0.0390625
2 0.2890625 0.18515625 0.04375 0.0328125
2 0.5609375 0.15390625 0.040625 0.02421875
2 0.54375 0.14140625 0.0328125 0.02734375
2 0.296875 0.16328125 0.0359375 0.02265625
2 0.30703125 0.14296875 0.03359375 0.03125
2 0.309375 0.12109375 0.03671875 0.02421875
2 0.390625 0.1515625 0.0421875 0.03125
2 0.46640625 0.1296875 0.05 0.04765625
2 0.53671875 0.10703125 0.046875 0.04453125
3 0.39453125 0.0875 0.05859375 0.09765625
2 0.33046875 0.09375 0.03671875 0.04140625