2 0.06953125 0.578125 0.13671875 0.25078125
2 0.8171875 0.48984375 0.15234375 0.17734375
2 0.1140625 0.4484375 0.1078125 0.15
2 0.59921875 0.37265625 0.09453125 0.1375
2 0.771875 0.3890625 0.11328125 0.14609375
2 0.66640625 0.50234375 0.12265625 0.19140625
2 0.91484375 0.6765625 0.16953125 0.2546875
2 0.915625 0.0609375 0.07109375 0.08203125
2 0.5765625 0.26796875 0.09609375 0.1515625
2 0.1578125 0.37109375 0.08984375 0.13046875
2 0.28125 0.53046875 0.121875 0.19375
2 0.2140625 0.8375 0.18125 0.303125
2 0.509375 0.834375 0.16875 0.31953125
2 0.44921875 0.4984375 0.1140625 0.196875
2 0.73671875 0.7390625 0.1765625 0.3109375
2 0.4609375 0.365625 0.103125 0.1359375
2 0.28046875 0.3765625 0.1015625 0.14140625
2 0.1765625 0.28046875 0.078125 0.071875
2 0.3046875 0.2609375 0.078125 0.128125
2 0.43828125 0.2484375 0.0796875 0.11953125
2 0.42578125 0.159375 0.0609375 0.05859375
2 0.3296875 0.190625 0.05625 0.08046875
2 0.21640625 0.18046875 0.0671875 0.1
2 0.3328125 0.12109375 0.0625 0.0859375
2 0.415625 0.11640625 0.05 0.0609375
2 0.525 0.1140625 0.059375 0.0890625
2 0.49609375 0.06953125 0.0421875 0.05
2 0.5390625 0.178125 0.0625 0.0609375
2 0.2265625 0.115625 0.053125 0.046875
2 0.33984375 0.059375 0.0421875 0.0359375