2 0.059375 0.6375 0.115625 0.278125
2 0.83515625 0.51171875 0.153125 0.18046875
2 0.11171875 0.4625 0.11328125 0.1625
2 0.77734375 0.4015625 0.1171875 0.15078125
2 0.67265625 0.509375 0.13125 0.1890625
2 0.60234375 0.3765625 0.09453125 0.1390625
2 0.9359375 0.7625 0.128125 0.290625
2 0.79921875 0.85390625 0.2203125 0.284375
2 0.5828125 0.26953125 0.09296875 0.14921875
2 0.91796875 0.06796875 0.06796875 0.07109375
2 0.28046875 0.56328125 0.128125 0.20546875
2 0.14921875 0.37421875 0.10078125 0.12578125
2 0.275 0.38828125 0.11640625 0.18671875
2 0.9765625 0.05546875 0.046875 0.0828125
2 0.45390625 0.52734375 0.1140625 0.209375
2 0.53671875 0.94140625 0.1578125 0.11640625
2 0.18125 0.28203125 0.08125 0.0859375
2 0.30703125 0.253125 0.0765625 0.09453125
2 0.44140625 0.259375 0.0765625 0.11953125
2 0.4640625 0.375 0.103125 0.1390625
2 0.540625 0.175 0.065625 0.071875
2 0.428125 0.15859375 0.06875 0.071875
2 0.525 0.11640625 0.06875 0.0890625
2 0.4234375 0.10703125 0.05625 0.05859375
2 0.33515625 0.128125 0.0640625 0.08359375
2 0.328125 0.19296875 0.05625 0.075
2 0.21484375 0.184375 0.0703125 0.09140625
2 0.228125 0.11796875 0.05625 0.05859375
2 0.2578125 0.08203125 0.053125 0.05859375
2 0.49140625 0.0515625 0.0390625 0.053125