2 0.09453125 0.4859375 0.121875 0.1734375
2 0.778125 0.39765625 0.12421875 0.14765625
2 0.68046875 0.534375 0.1359375 0.20703125
2 0.2609375 0.63671875 0.13671875 0.23203125
2 0.865625 0.5390625 0.1609375 0.20390625
2 0.6015625 0.3671875 0.09765625 0.14140625
2 0.58046875 0.26171875 0.10078125 0.153125
2 0.14140625 0.384375 0.10390625 0.14296875
2 0.2640625 0.4046875 0.134375 0.18359375
2 0.4515625 0.56953125 0.11875 0.23359375
2 0.4640625 0.396875 0.109375 0.16640625
2 0.4390625 0.246875 0.08125 0.1390625
2 0.30234375 0.2484375 0.0796875 0.103125
2 0.1765625 0.28203125 0.078125 0.08046875
2 0.19375 0.225 0.0625 0.0609375
2 0.3296875 0.18359375 0.065625 0.1
2 0.421875 0.14609375 0.065625 0.06953125
2 0.52109375 0.103125 0.0578125 0.1
2 0.5421875 0.178125 0.05625 0.06640625
2 0.41875 0.0765625 0.05 0.05859375
2 0.33203125 0.103125 0.0546875 0.078125
2 0.221875 0.11640625 0.05625 0.078125
2 0.21640625 0.175 0.0671875 0.0890625
2 0.41328125 0.03046875 0.0546875 0.05546875
2 0.24765625 0.059375 0.0515625 0.05859375