2 0.66015625 0.4828125 0.1265625 0.18203125
2 0.1578125 0.35625 0.09765625 0.14609375
2 0.60703125 0.30078125 0.11171875 0.18984375
2 0.296875 0.32578125 0.09921875 0.1546875
2 0.18125 0.27109375 0.109375 0.10078125
2 0.08515625 0.553125 0.128125 0.20625
2 0.23828125 0.52734375 0.17421875 0.31875
2 0.45390625 0.334375 0.09609375 0.18046875
2 0.9203125 0.0375 0.06953125 0.075
2 0.21640625 0.2 0.07578125 0.10234375
2 0.55703125 0.20703125 0.07890625 0.14765625
2 0.503125 0.6609375 0.15 0.3109375
2 0.9015625 0.55 0.15625 0.2109375
2 0.33515625 0.2015625 0.0640625 0.125
2 0.43671875 0.20546875 0.0734375 0.0890625
2 0.53125 0.090625 0.06875 0.08046875
2 0.43125 0.13359375 0.04375 0.05
2 0.33671875 0.09453125 0.0546875 0.078125
2 0.22578125 0.1125 0.0546875 0.0640625
2 0.425 0.08359375 0.05 0.05546875