0 0.53046875 0.821875 0.2015625 0.3484375
2 0.7171875 0.60546875 0.15078125 0.21953125
2 0.64453125 0.35 0.1234375 0.20703125
2 0.3078125 0.37890625 0.109375 0.178125
2 0.06875 0.67109375 0.1328125 0.23828125
2 0.46875 0.39296875 0.10859375 0.215625
2 0.34375 0.23984375 0.07421875 0.1234375
2 0.14765625 0.40078125 0.1109375 0.1609375
2 0.19609375 0.2984375 0.0921875 0.1203125
2 0.45 0.234375 0.07265625 0.10703125
2 0.93203125 0.034375 0.0671875 0.06875
2 0.57421875 0.2171875 0.07890625 0.15625
2 0.23828125 0.1375 0.075 0.10234375
2 0.24765625 0.696875 0.15625 0.30078125
2 0.53046875 0.821875 0.2015625 0.3484375
2 0.5078125 0.2328125 0.06875 0.12265625
2 0.54296875 0.1046875 0.0703125 0.090625
2 0.2625 0.06875 0.06171875 0.05859375
2 0.28359375 0.0234375 0.05546875 0.04375
2 0.95078125 0.68203125 0.09765625 0.26953125
2 0.97890625 0.03125 0.04140625 0.06171875
2 0.4453125 0.15234375 0.0640625 0.07421875
2 0.50234375 0.02265625 0.04375 0.04140625
2 0.3453125 0.09609375 0.08046875 0.0828125
2 0.2640625 0.484375 0.10625 0.125
2 0.43671875 0.090625 0.0578125 0.0640625
2 0.221875 0.1890625 0.065625 0.121875