2 0.1203125 0.45234375 0.11015625 0.15625
2 0.6390625 0.40234375 0.11171875 0.17890625
1 0.84609375 0.8046875 0.246875 0.38828125
2 0.44296875 0.36171875 0.0953125 0.15
2 0.47578125 0.73984375 0.1640625 0.35625
2 0.2953125 0.40546875 0.10859375 0.175
2 0.04453125 0.72890625 0.0890625 0.275
2 0.16484375 0.31953125 0.10390625 0.1546875
2 0.5796875 0.2765625 0.08515625 0.134375
2 0.55390625 0.16171875 0.075 0.12578125
2 0.240625 0.71171875 0.1671875 0.32265625
2 0.22734375 0.12890625 0.071875 0.10625
2 0.33203125 0.2765625 0.07578125 0.11953125
2 0.4421875 0.22890625 0.0796875 0.1421875
2 0.525 0.08203125 0.05859375 0.0796875
2 0.92109375 0.03125 0.0703125 0.0625
2 0.3375 0.121875 0.06875 0.13671875
2 0.25625 0.06953125 0.0625 0.05546875
2 0.26328125 0.02734375 0.04453125 0.0390625
2 0.4296875 0.1296875 0.06640625 0.09296875
2 0.19453125 0.19609375 0.06953125 0.08359375
2 0.1625 0.925 0.178125 0.14453125
2 0.42734375 0.05546875 0.0515625 0.05546875