2 0.09375 0.7484375 0.1640625 0.28125
2 0.31171875 0.7203125 0.14375 0.296875
2 0.5375 0.7625 0.1390625 0.284375
2 0.74453125 0.6875 0.1546875 0.265625
2 0.9265625 0.6578125 0.14375 0.2296875
2 0.85859375 0.50546875 0.134375 0.10625
2 0.8171875 0.41484375 0.10546875 0.090625
2 0.65078125 0.41953125 0.10390625 0.11328125
2 0.7078125 0.51484375 0.1140625 0.090625
2 0.50078125 0.5390625 0.10390625 0.1578125
2 0.3421875 0.54375 0.10234375 0.0875
2 0.33125 0.43515625 0.1015625 0.1203125
2 0.13125 0.5546875 0.1328125 0.1234375
2 0.16640625 0.4765625 0.09140625 0.05625
2 0.209375 0.4125 0.08515625 0.08203125
2 0.2265625 0.353125 0.07734375 0.06015625
2 0.3546875 0.32109375 0.07734375 0.090625
2 0.48828125 0.309375 0.0796875 0.09921875
2 0.50703125 0.4140625 0.0984375 0.109375
2 0.62421875 0.30703125 0.09453125 0.11171875
2 0.58671875 0.24296875 0.0625 0.071875
2 0.5734375 0.18046875 0.05703125 0.08046875
2 0.47265625 0.22734375 0.06484375 0.06171875
2 0.378125 0.24765625 0.0609375 0.06484375
2 0.26328125 0.25078125 0.06171875 0.07734375
2 0.24765625 0.3046875 0.06328125 0.04765625
2 0.38125 0.184375 0.05625 0.071875
2 0.46796875 0.16640625 0.0484375 0.06015625
2 0.54609375 0.1328125 0.05 0.04765625
2 0.46171875 0.109375 0.04375 0.04765625
2 0.5328125 0.0875 0.0453125 0.04609375
3 0.39296875 0.06328125 0.0609375 0.10078125
2 0.3234375 0.07421875 0.03984375 0.05
2 0.4609375 0.06640625 0.0328125 0.034375