2 0.16171875 0.18203125 0.07109375 0.1140625
2 0.415625 0.5484375 0.125 0.20078125
2 0.21015625 0.6234375 0.14765625 0.2921875
2 0.2609375 0.41875 0.09453125 0.16171875
2 0.08671875 0.390625 0.13125 0.265625
2 0.1890625 0.10703125 0.06640625 0.090625
2 0.60078125 0.45234375 0.1171875 0.19609375
2 0.2765625 0.19609375 0.084375 0.140625
2 0.53984375 0.25234375 0.09921875 0.165625
2 0.49296875 0.11796875 0.0671875 0.10625
2 0.9359375 0.02265625 0.07109375 0.0421875
2 0.7265625 0.7765625 0.18359375 0.35859375
2 0.8703125 0.02421875 0.0671875 0.04765625
2 0.0234375 0.7203125 0.04375 0.2578125
2 0.2125 0.03203125 0.0515625 0.0515625
2 0.28125 0.09453125 0.07578125 0.0703125
2 0.1140625 0.259375 0.08046875 0.075
2 0.38203125 0.18828125 0.08046875 0.1703125
2 0.384375 0.06796875 0.053125 0.06953125