2 0.62578125 0.3109375 0.13203125 0.23203125
2 0.0609375 0.50625 0.11875 0.275
2 0.15390625 0.1828125 0.08671875 0.153125
2 0.56015625 0.10859375 0.0828125 0.13671875
2 0.18984375 0.08359375 0.07109375 0.109375
2 0.2578125 0.5171875 0.12890625 0.21328125
2 0.4890625 0.45546875 0.14140625 0.26875
2 0.2875 0.21484375 0.10234375 0.17734375
2 0.31171875 0.03515625 0.08125 0.065625
2 0.1625 0.8375 0.221875 0.3140625
2 0.51484375 0.0359375 0.0609375 0.071875
2 0.7359375 0.6375 0.17890625 0.28203125
2 0.46796875 0.73671875 0.178125 0.29375
2 0.42265625 0.22578125 0.09609375 0.1859375
2 0.41953125 0.034375 0.0671875 0.06875
2 0.22421875 0.0390625 0.04453125 0.06171875
2 0.3046875 0.0921875 0.0640625 0.06484375
2 0.08828125 0.32890625 0.1171875 0.21953125