2 0.728125 0.4625 0.18515625 0.32734375
2 0.090625 0.21953125 0.11015625 0.20078125
2 0.25390625 0.29140625 0.1421875 0.25
2 0.13359375 0.08046875 0.0875 0.15390625
2 0.0359375 0.434375 0.071875 0.290625
2 0.28046875 0.07421875 0.09453125 0.12734375
2 0.61171875 0.1234375 0.1125 0.18203125
2 0.20625 0.7390625 0.16484375 0.2953125
2 0.18515625 0.0265625 0.0640625 0.053125
2 0.43125 0.30703125 0.1265625 0.25234375
2 0.50625 0.95703125 0.23828125 0.084375
2 0.5515625 0.025 0.075 0.05
2 0.5421875 0.65 0.196875 0.371875
2 0.4375 0.14453125 0.103125 0.13359375
2 0.434375 0.0375 0.08125 0.0640625