2 0.63203125 0.18046875 0.12421875 0.19921875
2 0.228125 0.41953125 0.16328125 0.290625
2 0.11171875 0.12578125 0.09765625 0.16015625
2 0.06796875 0.271875 0.12421875 0.2234375
2 0.15859375 0.040625 0.0828125 0.08125
2 0.26875 0.12109375 0.10078125 0.1453125
2 0.565625 0.04453125 0.0859375 0.0890625
2 0.2953125 0.03359375 0.0765625 0.06640625
2 0.15703125 0.90859375 0.22265625 0.18203125
2 0.825 0.66640625 0.23125 0.39453125
2 0.57265625 0.815625 0.2359375 0.34140625
2 0.4375 0.41796875 0.146875 0.26953125
2 0.4375 0.225 0.109375 0.16640625
2 0.43359375 0.0734375 0.0765625 0.125