2 0.3453125 0.20546875 0.11484375 0.15703125
2 0.84296875 0.5390625 0.19453125 0.32890625
2 0.0859375 0.3640625 0.13984375 0.246875
2 0.7109375 0.24921875 0.12109375 0.1734375
2 0.29453125 0.4515625 0.14921875 0.2328125
2 0.175 0.1890625 0.11484375 0.18828125
3 0.20078125 0.04765625 0.0875 0.0953125
2 0.6484375 0.0796875 0.0890625 0.1296875
2 0.36171875 0.06640625 0.08515625 0.115625
2 0.046875 0.6765625 0.09375 0.36328125
2 0.471875 0.765625 0.2375 0.415625
2 0.3125 0.11796875 0.0828125 0.05390625
2 0.53828125 0.32890625 0.1265625 0.1859375
2 0.49453125 0.165625 0.1234375 0.18046875
2 0.4953125 0.05 0.078125 0.08359375