2 0.75859375 0.30859375 0.14296875 0.20625
2 0.33671875 0.25703125 0.13046875 0.184375
2 0.278125 0.59140625 0.1734375 0.2765625
2 0.15859375 0.21171875 0.1359375 0.21796875
2 0.0640625 0.45390625 0.12265625 0.2890625
1 0.1875 0.059375 0.09765625 0.11640625
2 0.36171875 0.0984375 0.0921875 0.1546875
1 0.90859375 0.73828125 0.1828125 0.44375
2 0.36796875 0.9046875 0.2890625 0.18671875
2 0.67734375 0.10625 0.10625 0.14375
2 0.0703125 0.26953125 0.071875 0.1
2 0.5671875 0.4515625 0.14375 0.253125
2 0.51015625 0.20390625 0.1171875 0.16953125
2 0.5015625 0.059375 0.08125 0.11875