2 0.1171875 0.290625 0.15234375 0.2265625
2 0.3078125 0.3828125 0.14921875 0.221875
2 0.3421875 0.18515625 0.10859375 0.17734375
2 0.15390625 0.1046875 0.1015625 0.16171875
2 0.79453125 0.45 0.16171875 0.23984375
2 0.49609375 0.1359375 0.09765625 0.1453125
2 0.2203125 0.82890625 0.22421875 0.33671875
2 0.64296875 0.05234375 0.12890625 0.10234375
1 0.2203125 0.021875 0.07578125 0.04375
2 0.07421875 0.92421875 0.12109375 0.1515625
2 0.95078125 0.9125 0.0984375 0.16875
2 0.6890625 0.184375 0.11953125 0.17109375
2 0.15859375 0.02109375 0.06484375 0.03984375
2 0.02265625 0.6609375 0.0453125 0.44453125
2 0.5859375 0.675 0.178125 0.31640625
2 0.5171875 0.3390625 0.15 0.25546875