2 0.0859375 0.7484375 0.16171875 0.28125
2 0.2984375 0.7328125 0.1453125 0.2984375
2 0.5234375 0.76484375 0.14453125 0.28984375
2 0.7296875 0.68984375 0.15234375 0.2796875
2 0.91640625 0.65859375 0.1515625 0.2140625
2 0.846875 0.53125 0.140625 0.15078125
2 0.80546875 0.42578125 0.11015625 0.1046875
2 0.69140625 0.51796875 0.11171875 0.084375
2 0.63515625 0.43671875 0.09453125 0.13046875
2 0.48671875 0.5515625 0.1109375 0.16796875
2 0.3296875 0.55234375 0.10390625 0.09765625
2 0.31953125 0.44765625 0.09765625 0.11796875
2 0.115625 0.56484375 0.1390625 0.1234375
2 0.15546875 0.48515625 0.09453125 0.06328125
2 0.1984375 0.42265625 0.090625 0.08203125
2 0.34375 0.33125 0.0796875 0.09765625
2 0.215625 0.35703125 0.075 0.06015625
2 0.23671875 0.3125 0.06484375 0.053125
2 0.36484375 0.26015625 0.05859375 0.06484375
2 0.47578125 0.3265625 0.08125 0.07578125
2 0.4953125 0.42109375 0.10234375 0.11328125
2 0.6125 0.31875 0.0953125 0.125
2 0.57265625 0.25390625 0.06015625 0.084375
2 0.4609375 0.24140625 0.065625 0.07578125
2 0.36953125 0.19453125 0.06171875 0.08203125
2 0.2578125 0.20078125 0.05625 0.053125
2 0.25234375 0.26484375 0.0671875 0.071875
2 0.27578125 0.18125 0.05390625 0.0546875
2 0.45703125 0.16171875 0.05234375 0.05
2 0.559375 0.18671875 0.065625 0.0734375
2 0.54375 0.13515625 0.03984375 0.02734375
2 0.45234375 0.11796875 0.04609375 0.04765625
2 0.5203125 0.0921875 0.046875 0.04765625
2 0.28203125 0.146875 0.0359375 0.02734375
2 0.378125 0.13984375 0.0484375 0.034375
2 0.384375 0.115625 0.0421875 0.0375
2 0.2921875 0.1109375 0.03671875 0.03125
3 0.378125 0.06953125 0.05703125 0.08203125