2 0.08125 0.42109375 0.1609375 0.26953125
2 0.28515625 0.54140625 0.178125 0.28203125
2 0.3390625 0.2921875 0.1265625 0.21015625
2 0.13828125 0.17265625 0.11328125 0.1734375
2 0.209375 0.05703125 0.08125 0.1015625
2 0.87265625 0.67109375 0.20234375 0.32734375
2 0.68515625 0.09375 0.1109375 0.1875
3 0.35078125 0.059375 0.0984375 0.11640625
2 0.64375 0.93125 0.22265625 0.13671875
2 0.540625 0.515625 0.16875 0.3140625
2 0.51953125 0.23203125 0.1078125 0.1640625
2 0.7359375 0.28203125 0.13125 0.2140625