2 0.0734375 0.75390625 0.146875 0.2765625
2 0.2828125 0.73125 0.14453125 0.28125
2 0.509375 0.77109375 0.15078125 0.284375
2 0.71875 0.69375 0.1484375 0.2640625
2 0.9046875 0.66015625 0.15625 0.2140625
2 0.83125 0.540625 0.13671875 0.14921875
2 0.68046875 0.52578125 0.1125 0.0859375
2 0.4734375 0.54765625 0.10625 0.1546875
2 0.3140625 0.5515625 0.10546875 0.09296875
2 0.1015625 0.565625 0.13046875 0.11171875
2 0.13828125 0.4875 0.09375 0.0671875
2 0.184375 0.4203125 0.08203125 0.0734375
2 0.3046875 0.44609375 0.1 0.1046875
2 0.47890625 0.4234375 0.1 0.11171875
2 0.621875 0.4265625 0.0984375 0.10625
2 0.59609375 0.31640625 0.09375 0.109375
2 0.790625 0.42890625 0.11171875 0.09453125
2 0.459375 0.3171875 0.08125 0.10078125
2 0.5625 0.25234375 0.0546875 0.05625
2 0.54375 0.18828125 0.06328125 0.07578125
2 0.44609375 0.2390625 0.06875 0.06875
2 0.34921875 0.265625 0.06640625 0.0671875
2 0.328125 0.32734375 0.0796875 0.0875
2 0.20234375 0.359375 0.0796875 0.06171875
2 0.22421875 0.3140625 0.06875 0.053125
2 0.2390625 0.25234375 0.0671875 0.0703125
2 0.35546875 0.19765625 0.0609375 0.084375
2 0.240625 0.19921875 0.05078125 0.0359375
2 0.44140625 0.16484375 0.05 0.05625
2 0.5203125 0.13515625 0.05078125 0.0375
2 0.5078125 0.0953125 0.0453125 0.04140625
2 0.4359375 0.11484375 0.04453125 0.04296875
2 0.3609375 0.14609375 0.0453125 0.04609375
2 0.25859375 0.17265625 0.0421875 0.04453125
2 0.2640625 0.14609375 0.04140625 0.0328125
2 0.2765625 0.125 0.0359375 0.0328125
3 0.3640625 0.071875 0.05703125 0.09765625