2 0.4859375 0.55390625 0.12578125 0.196875
2 0.1921875 0.33125 0.0890625 0.1203125
2 0.3265625 0.375 0.09765625 0.14453125
2 0.803125 0.78984375 0.20625 0.37421875
2 0.6203125 0.32109375 0.09296875 0.12890625
2 0.47421875 0.3359375 0.0953125 0.1609375
2 0.25625 0.14765625 0.06328125 0.0765625
2 0.253125 0.8453125 0.17265625 0.2859375
2 0.071875 0.63046875 0.13984375 0.2578125
2 0.6296875 0.17421875 0.06796875 0.0859375
2 0.3203125 0.24375 0.0890625 0.1203125
2 0.29140625 0.084375 0.04375 0.0703125
2 0.79375 0.0796875 0.05625 0.06875
2 0.53125 0.1015625 0.05703125 0.05859375
2 0.465625 0.2109375 0.06640625 0.09921875
2 0.3046875 0.03359375 0.04921875 0.06640625
2 0.8703125 0.1375 0.06640625 0.078125
2 0.36640625 0.11640625 0.05 0.071875
2 0.51796875 0.0328125 0.06796875 0.053125
2 0.4703125 0.13203125 0.06015625 0.096875
2 0.5296875 0.065625 0.03828125 0.0328125
2 0.9734375 0.05703125 0.05234375 0.09453125
2 0.44375 0.03984375 0.0484375 0.075
2 0.36953125 0.06328125 0.03984375 0.034375