3 0.086328125 0.8986111111111111 0.02890625 0.025
4 0.39453125 0.6416666666666667 0.10546875 0.24722222222222223
5 0.880859375 0.70625 0.09609375 0.13194444444444445
5 0.708203125 0.6006944444444444 0.06484375 0.10277777777777777
5 0.90625 0.5423611111111111 0.0765625 0.10138888888888889
4 0.376171875 0.4930555555555556 0.08046875 0.175
5 0.816796875 0.4131944444444444 0.05859375 0.08611111111111111
5 0.758203125 0.3375 0.03984375 0.0625
5 0.701171875 0.3625 0.03828125 0.05138888888888889
4 0.6671875 0.22777777777777777 0.03046875 0.059722222222222225
4 0.715234375 0.2881944444444444 0.040625 0.06944444444444445
4 0.462109375 0.2638888888888889 0.0234375 0.05277777777777778
4 0.50078125 0.2611111111111111 0.0296875 0.06388888888888888
5 0.6171875 0.3104166666666667 0.025 0.03888888888888889
5 0.4625 0.22013888888888888 0.0140625 0.022222222222222223
5 0.457421875 0.8881944444444444 0.103125 0.22361111111111112
5 0.523828125 0.25972222222222224 0.01796875 0.025
5 0.444921875 0.19444444444444445 0.0125 0.019444444444444445
4 0.355078125 0.16319444444444445 0.01796875 0.027777777777777776
5 0.59296875 0.2423611111111111 0.01953125 0.02361111111111111
5 0.38828125 0.17847222222222223 0.0109375 0.015277777777777777
5 0.6828125 0.25416666666666665 0.025 0.043055555555555555
5 0.37734375 0.1701388888888889 0.01171875 0.015277777777777777
5 0.48046875 0.2326388888888889 0.015625 0.03194444444444444
5 0.55703125 0.23055555555555557 0.01640625 0.025
4 0.295703125 0.15138888888888888 0.0171875 0.022222222222222223