3 0.5036458333333333 0.9703703703703703 0.020833333333333332 0.053703703703703705
3 0.5630208333333333 0.32916666666666666 0.0375 0.032407407407407406
4 0.421875 0.2569444444444444 0.05 0.10092592592592593
5 0.6611979166666667 0.34305555555555556 0.03333333333333333 0.049074074074074076
4 0.46927083333333336 0.21296296296296297 0.029166666666666667 0.05925925925925926
4 0.5528645833333333 0.25092592592592594 0.030729166666666665 0.07592592592592592
5 0.6484375 0.20694444444444443 0.01875 0.02962962962962963
5 0.6104166666666667 0.18796296296296297 0.0140625 0.020370370370370372
4 0.4973958333333333 0.18287037037037038 0.018229166666666668 0.04259259259259259
4 0.6174479166666667 0.15138888888888888 0.017708333333333333 0.032407407407407406
3 0.07364583333333334 0.9435 0.04104166666666667 0.09366666666666663
3 0.21104166666666666 0.7267962962962964 0.02624999999999999 0.0676666666666666
3 0.2784375 0.6178888888888889 0.02479166666666665 0.06615740740740746
3 0.31927083333333334 0.556212962962963 0.019791666666666666 0.05613888888888899
3 0.3545833333333333 0.49453703703703705 0.025833333333333285 0.0698240740740741
3 0.3859375 0.445462962962963 0.019791666666666666 0.06425000000000004
3 0.41229166666666667 0.3958240740740741 0.02041666666666669 0.03904629629629626
3 0.4276041666666667 0.3667407407407407 0.014791666666666713 0.04978703703703702
3 0.4440625 0.35433333333333333 0.015208333333333357 0.04496296296296302
3 0.4543177083333333 0.3240648148148148 0.016328124999999954 0.039629629629629584
3 0.46606770833333333 0.30529629629629634 0.010838541666666639 0.033120370370370356
3 0.4785260416666667 0.2862777777777778 0.01182291666666669 0.02911111111111116
3 0.4895625 0.27675 0.009015624999999972 0.024222222222222194
3 0.497375 0.26285185185185184 0.006614583333333357 0.023148148148148147
3 0.503125 0.2543703703703704 0.008338541666666663 0.02087962962962959
3 0.508234375 0.24227777777777781 0.009541666666666634 0.019407407407407415