3 0.53359375 0.9689814814814814 0.027604166666666666 0.023148148148148147
5 0.50703125 0.6523148148148148 0.05416666666666667 0.07777777777777778
5 0.5940104166666667 0.4791666666666667 0.027604166666666666 0.040740740740740744
5 0.5770833333333333 0.45046296296296295 0.025 0.03333333333333333
5 0.6546875 0.4439814814814815 0.022395833333333334 0.03518518518518519
4 0.63828125 0.40185185185185185 0.0265625 0.05092592592592592
5 0.64296875 0.4273148148148148 0.0203125 0.026851851851851852
4 0.35572916666666665 0.7546296296296297 0.08020833333333334 0.11203703703703703
5 0.6200520833333333 0.39861111111111114 0.016666666666666666 0.03148148148148148
5 0.5875 0.3837962962962963 0.018229166666666668 0.022222222222222223
5 0.6791666666666667 0.3638888888888889 0.009375 0.01574074074074074
5 0.4510416666666667 0.9666666666666667 0.103125 0.06666666666666667
5 0.35572916666666665 0.7546296296296297 0.08020833333333334 0.1111111111111111