3 0.50390625 0.9708333333333333 0.0203125 0.05462962962962963
3 0.5627604166666667 0.3287037037037037 0.03802083333333333 0.03333333333333333
4 0.4479166666666667 0.26435185185185184 0.0484375 0.09814814814814815
4 0.7471354166666667 0.27175925925925926 0.057291666666666664 0.10185185185185185
2 0.46380208333333334 0.700462962962963 0.021875 0.1175925925925926
4 0.553125 0.25092592592592594 0.03177083333333333 0.07685185185185185
5 0.6486979166666667 0.28564814814814815 0.027604166666666666 0.040740740740740744
5 0.6354166666666666 0.19444444444444445 0.016145833333333335 0.024074074074074074
4 0.6375 0.15648148148148147 0.016145833333333335 0.030555555555555555
3 0.07854166666666668 0.9366944444444444 0.044583333333333336 0.11709259259259253
3 0.208125 0.7123333333333334 0.02041666666666669 0.05355555555555548
3 0.27875 0.6301296296296296 0.032500000000000015 0.09655555555555553
3 0.31854166666666667 0.5597870370370371 0.016250000000000025 0.07437962962962956
3 0.35833333333333334 0.4914722222222222 0.025 0.059990740740740706
3 0.3859375 0.44315740740740744 0.019791666666666666 0.04112962962962959
3 0.41229166666666667 0.3979907407407407 0.02041666666666669 0.05449074074074076
3 0.4295833333333333 0.36614814814814817 0.017499999999999953 0.05006481481481486
3 0.44375 0.3518888888888889 0.0125 0.0400833333333333
4 0.5963541666666666 0.15658333333333335 0.015625 0.03094444444444446