3 0.7872395833333333 0.8592592592592593 0.011979166666666667 0.04259259259259259
3 0.7307291666666667 0.8467592592592592 0.013541666666666667 0.030555555555555555
4 0.6018229166666667 0.5037037037037037 0.11197916666666667 0.16944444444444445
5 0.578125 0.7541666666666667 0.09322916666666667 0.12685185185185185
4 0.5252604166666667 0.48333333333333334 0.0890625 0.125
5 0.21770833333333334 0.6620370370370371 0.0890625 0.08333333333333333
5 0.7122395833333334 0.7560185185185185 0.08072916666666667 0.13055555555555556
5 0.7080729166666667 0.36018518518518516 0.024479166666666666 0.03148148148148148
5 0.33489583333333334 0.6277777777777778 0.07760416666666667 0.08703703703703704
5 0.7854166666666667 0.32037037037037036 0.0171875 0.03333333333333333
2 0.7567708333333333 0.8180555555555555 0.0203125 0.0962962962962963
5 0.7208333333333333 0.33101851851851855 0.018229166666666668 0.025925925925925925
5 0.7513020833333334 0.3074074074074074 0.016666666666666666 0.020370370370370372
5 0.6848958333333334 0.3333333333333333 0.019791666666666666 0.025925925925925925
5 0.8158854166666667 0.2824074074074074 0.011458333333333333 0.017592592592592594
5 0.7697916666666667 0.29305555555555557 0.0140625 0.016666666666666666
5 0.7794270833333333 0.2689814814814815 0.0109375 0.014814814814814815
5 0.7541666666666667 0.2875 0.011458333333333333 0.016666666666666666
5 0.79140625 0.28703703703703703 0.013020833333333334 0.021296296296296296
5 0.7729166666666667 0.2740740740740741 0.008854166666666666 0.012962962962962963
5 0.7872395833333333 0.2740740740740741 0.009895833333333333 0.014814814814814815
5 0.7713541666666667 0.27685185185185185 0.009895833333333333 0.014814814814814815
2 0.6796875 0.7731481481481481 0.016666666666666666 0.0962962962962963
5 0.8221354166666667 0.2523148148148148 0.011979166666666667 0.010185185185185186
5 0.8158854166666667 0.2675925925925926 0.009375 0.012962962962962963
5 0.305375 0.39966666666666667 0.02385416666666664 0.0456111111111111
5 0.7984895833333333 0.27655555555555555 0.010770833333333249 0.013490740740740787
4 0.8352083333333333 0.25805555555555554 0.012239583333333333 0.020018518518518522