3 0.78671875 0.8578703703703704 0.011979166666666667 0.041666666666666664
3 0.73046875 0.8462962962962963 0.013020833333333334 0.02962962962962963
4 0.5770833333333333 0.5277777777777778 0.12291666666666666 0.17962962962962964
5 0.14296875 0.7134259259259259 0.103125 0.09259259259259259
4 0.49244791666666665 0.5087962962962963 0.10104166666666667 0.14166666666666666
5 0.578125 0.7537037037037037 0.09322916666666667 0.12685185185185185
5 0.27291666666666664 0.6754629629629629 0.09583333333333334 0.1
5 0.7122395833333334 0.7564814814814815 0.08072916666666667 0.13055555555555556
2 0.7583333333333333 0.8189814814814815 0.022916666666666665 0.09537037037037037
5 0.6973958333333333 0.3685185185185185 0.025520833333333333 0.03333333333333333
5 0.7153645833333333 0.3365740740740741 0.0203125 0.025925925925925925
5 0.7484375 0.3101851851851852 0.016666666666666666 0.021296296296296296
5 0.7674479166666667 0.29583333333333334 0.013541666666666667 0.016666666666666666
4 0.7825520833333334 0.32314814814814813 0.017708333333333333 0.037037037037037035
5 0.8140625 0.28379629629629627 0.011458333333333333 0.016666666666666666
5 0.6786458333333333 0.33796296296296297 0.021354166666666667 0.026851851851851852
4 0.7890625 0.2884259259259259 0.013541666666666667 0.024074074074074074
5 0.7520833333333333 0.28935185185185186 0.011979166666666667 0.016666666666666666
5 0.8143229166666667 0.26944444444444443 0.009375 0.012962962962962963
5 0.7770833333333333 0.2708333333333333 0.009375 0.013888888888888888
5 0.78515625 0.2726851851851852 0.008854166666666666 0.013888888888888888
4 0.8338541666666667 0.2601851851851852 0.013020833333333334 0.023148148148148147
5 0.7708333333333334 0.2759259259259259 0.009895833333333333 0.013888888888888888
5 0.7953125 0.2814814814814815 0.009375 0.013888888888888888
5 0.7971354166666667 0.27175925925925926 0.008854166666666666 0.014814814814814815
2 0.6827604166666668 0.7750740740740741 0.019546875000000106 0.08678703703703705
2 0.70415625 0.7847407407407407 0.021151041666666735 0.08963888888888884