0 0.7895833333333333 0.48194444444444445 0.0640625 0.09444444444444444
0 0.65546875 0.3236111111111111 0.03125 0.044444444444444446
1 0.5528645833333333 0.25092592592592594 0.03125 0.075
0 0.6098958333333333 0.1648148148148148 0.013020833333333334 0.019444444444444445
1 0.5013020833333334 0.17407407407407408 0.015104166666666667 0.037037037037037035
0 0.6497395833333334 0.17962962962962964 0.016145833333333335 0.028703703703703703
1 0.5109375 0.16342592592592592 0.0109375 0.022222222222222223
1 0.479546875 0.19419444444444445 0.025 0.05740740740740741
1 0.5653645833333333 0.13890740740740742 0.012104166666666553 0.029879629629629614
1 0.6286822916666667 0.15312037037037038 0.014583333333333334 0.025
