3 0.50390625 0.9699074074074074 0.0203125 0.05462962962962963
3 0.5627604166666667 0.3282407407407407 0.03802083333333333 0.03425925925925926
5 0.9606770833333333 0.9097222222222222 0.07864583333333333 0.18055555555555555
5 0.6861979166666666 0.4444444444444444 0.04583333333333333 0.06574074074074074
4 0.5528645833333333 0.25046296296296294 0.030729166666666665 0.075
5 0.61875 0.17175925925925925 0.013020833333333334 0.019444444444444445
4 0.48854166666666665 0.18611111111111112 0.021875 0.05
4 0.5059895833333333 0.16898148148148148 0.01875 0.037037037037037035
4 0.6346354166666667 0.15601851851851853 0.015625 0.025925925925925925
3 0.07338020833333332 0.9517037037037036 0.025401041666666666 0.08566666666666665
3 0.214453125 0.7269722222222222 0.013510416666666695 0.06328703703703695
3 0.28302083333333333 0.6201759259259259 0.01551562499999998 0.05432407407407414
3 0.3558385416666667 0.48885185185185187 0.012010416666666638 0.05103703703703699
3 0.3191197916666667 0.5601666666666667 0.016390625000000013 0.0455185185185186
3 0.338265625 0.3154351851851852 0.00756249999999999 0.024203703703703693
3 0.39817708333333335 0.2649444444444444 0.008703125000000018 0.013851851851851886
3 0.34952083333333334 0.3062962962962963 0.009572916666666724 0.014166666666666624
3 0.38519270833333336 0.44050925925925927 0.013328124999999958 0.03227777777777779
3 0.41297395833333334 0.39439814814814816 0.008822916666666696 0.030990740740740767
3 0.42830208333333336 0.3642222222222222 0.008963541666666686 0.033231481481481466
3 0.4419375 0.3454814814814815 0.007604166666666619 0.029962962962962976
3 0.467984375 0.3075925925925926 0.008072916666666667 0.024268518518518554
3 0.480234375 0.28397222222222224 0.005348958333333324 0.01874074074074075
3 0.4225260416666667 0.23927777777777778 0.0021145833333333047 0.0119537037037037
3 0.48849479166666665 0.2756203703703704 0.006854166666666709 0.022074074074074104
3 0.49802083333333336 0.2612685185185185 0.006197916666666714 0.016731481481481528
3 0.5029479166666666 0.25354629629629627 0.0038489583333333856 0.015472222222222255
4 0.4798541666666667 0.13717592592592592 0.012494791666666671 0.020833333333333332
4 0.6619062499999999 0.1875740740740741 0.020781250000000046 0.03909259259259257