0 0.7135416666666666 0.7537037037037037 0.078125 0.125
0 0.24739583333333334 0.7916666666666666 0.1265625 0.13148148148148148
0 0.5674479166666667 0.5203703703703704 0.04635416666666667 0.05740740740740741
0 0.4427083333333333 0.5064814814814815 0.057291666666666664 0.06018518518518518
1 0.21145833333333333 0.700925925925926 0.1640625 0.1962962962962963
0 0.7002604166666667 0.42962962962962964 0.029166666666666667 0.044444444444444446
0 0.6609375 0.38657407407407407 0.026041666666666668 0.03148148148148148
0 0.59140625 0.4041666666666667 0.03333333333333333 0.040740740740740744
1 0.7697916666666667 0.337037037037037 0.026041666666666668 0.04814814814814815
1 0.80859375 0.2865740740740741 0.023958333333333335 0.04537037037037037
0 0.6731770833333334 0.34953703703703703 0.022395833333333334 0.024074074074074074
0 0.7489583333333333 0.3337962962962963 0.017708333333333333 0.023148148148148147
0 0.7369791666666666 0.3023148148148148 0.0140625 0.017592592592592594
0 0.7778645833333333 0.2851851851851852 0.013020833333333334 0.014814814814814815
0 0.7359375 0.32222222222222224 0.016666666666666666 0.019444444444444445
0 0.7627604166666667 0.28379629629629627 0.010416666666666666 0.013888888888888888
0 0.5778645833333333 0.7499444444444445 0.09427083333333333 0.125
0 0.13229166666666667 0.7018518518518518 0.084375 0.10648148148148148
0 0.8223958333333333 0.2587962962962963 0.010416666666666666 0.012962962962962963
0 0.7981770833333334 0.25833333333333336 0.0109375 0.012037037037037037
0 0.19598437500000002 0.4570740740740741 0.049989583333333344 0.04318518518518522
0 0.21716145833333333 0.43077777777777776 0.03753125000000003 0.03654629629629632
2 0.27220833333333333 0.3794166666666666 0.09001041666666663 0.05730555555555554
0 0.10716145833333333 0.46094444444444443 0.057249999999999995 0.04762962962962958
0 0.05981770833333333 0.4958518518518518 0.06495833333333333 0.05285185185185184
2 0.013583333333333333 0.45137962962962963 0.027161458333333336 0.06477777777777781
