3 0.260546875 0.6909722222222222 0.02265625 0.020833333333333332
5 0.53671875 0.7673611111111112 0.059375 0.11527777777777778
4 0.43515625 0.7166666666666667 0.14140625 0.275
4 0.525 0.47291666666666665 0.046875 0.09583333333333334
4 0.75 0.46805555555555556 0.03046875 0.059722222222222225
4 0.721875 0.4083333333333333 0.021875 0.041666666666666664
5 0.6171875 0.4708333333333333 0.02109375 0.03194444444444444
5 0.6765625 0.42986111111111114 0.015625 0.02361111111111111
4 0.693359375 0.39444444444444443 0.01796875 0.03194444444444444
5 0.665234375 0.38472222222222224 0.01171875 0.013888888888888888
4 0.5983671875 0.3895138888888889 0.017757812500000015 0.044194444444444515