0 0.71328125 0.7532407407407408 0.07864583333333333 0.125
0 0.3138020833333333 0.5949074074074074 0.08072916666666667 0.07685185185185185
0 0.4484375 0.6467592592592593 0.071875 0.08425925925925926
0 0.675 0.4615740740740741 0.034375 0.049074074074074076
0 0.17604166666666668 0.4527777777777778 0.052083333333333336 0.04259259259259259
0 0.62265625 0.41712962962962963 0.030729166666666665 0.03611111111111111
0 0.53671875 0.44074074074074077 0.04114583333333333 0.04814814814814815
1 0.759375 0.34953703703703703 0.030208333333333334 0.05462962962962963
0 0.6442708333333333 0.3680555555555556 0.023958333333333335 0.028703703703703703
1 0.8018229166666667 0.2912037037037037 0.0265625 0.05092592592592592
0 0.7166666666666667 0.33796296296296297 0.019791666666666666 0.024074074074074074
2 0.08385416666666666 0.43194444444444446 0.09375 0.0787037037037037
0 0.21119791666666668 0.42685185185185187 0.03802083333333333 0.03333333333333333
0 0.30364583333333334 0.40370370370370373 0.03333333333333333 0.02962962962962963
0 0.73203125 0.34953703703703703 0.0203125 0.028703703703703703
0 0.5778645833333333 0.7532407407407408 0.09322916666666667 0.12685185185185185
0 0.7533854166666667 0.2884259259259259 0.013020833333333334 0.01574074074074074
0 0.2877604166666667 0.42083333333333334 0.033854166666666664 0.030555555555555555
0 0.72578125 0.3101851851851852 0.015104166666666667 0.018518518518518517
0 0.7682291666666666 0.29212962962962963 0.015625 0.019444444444444445
0 0.81953125 0.2625 0.009895833333333333 0.013888888888888888
1 0.020052083333333335 0.8981481481481481 0.0390625 0.2037037037037037
0 0.83515625 0.26481481481481484 0.008854166666666666 0.014814814814814815
0 0.2833333333333333 0.4222222222222222 0.041666666666666664 0.03518518518518519
0 0.8072916666666666 0.24722222222222223 0.00625 0.011111111111111112
0 0.8151041666666666 0.2537037037037037 0.008333333333333333 0.014814814814814815
2 0.3284947916666667 0.3630925925925926 0.07068229166666669 0.08068518518518518
