3 0.53828125 0.8763888888888889 0.021354166666666667 0.026851851851851852
5 0.321875 0.6208333333333333 0.065625 0.0824074074074074
5 0.5846354166666666 0.6652777777777777 0.046875 0.08611111111111111
5 0.44505208333333335 0.625462962962963 0.052083333333333336 0.062037037037037036
5 0.53046875 0.6143518518518518 0.04635416666666667 0.06851851851851852
5 0.20651041666666667 0.9351851851851852 0.1484375 0.12962962962962962
5 0.58203125 0.49583333333333335 0.029166666666666667 0.040740740740740744
5 0.6328125 0.4203703703703704 0.018229166666666668 0.026851851851851852
5 0.6598958333333333 0.4305555555555556 0.022395833333333334 0.03148148148148148
5 0.6638020833333333 0.37453703703703706 0.0140625 0.018518518518518517
5 0.59765625 0.425462962962963 0.01875 0.02962962962962963
5 0.6489583333333333 0.3680555555555556 0.014583333333333334 0.016666666666666666
5 0.6958333333333333 0.3680555555555556 0.009895833333333333 0.017592592592592594
5 0.6700520833333333 0.34675925925925927 0.0109375 0.014814814814814815
5 0.6802083333333333 0.3574074074074074 0.010416666666666666 0.014814814814814815