0 0.39088541666666665 0.8634259259259259 0.0921875 0.12685185185185185
0 0.5723958333333333 0.6578703703703703 0.050520833333333334 0.0787037037037037
0 0.5643229166666667 0.5407407407407407 0.03697916666666667 0.05
0 0.47682291666666665 0.5814814814814815 0.04583333333333333 0.06388888888888888
0 0.6229166666666667 0.43194444444444446 0.021875 0.03611111111111111
0 0.60625 0.4148148148148148 0.0203125 0.030555555555555555
1 0.6526041666666667 0.3819444444444444 0.021354166666666667 0.041666666666666664
0 0.5526041666666667 0.40925925925925927 0.020833333333333332 0.028703703703703703
0 0.63671875 0.3787037037037037 0.014583333333333334 0.025
0 0.6669270833333333 0.4111111111111111 0.019270833333333334 0.03333333333333333
0 0.6364583333333333 0.37453703703703706 0.015104166666666667 0.025
