3 0.6833333333333333 0.5060185185185185 0.026041666666666668 0.012037037037037037
5 0.20625 0.36574074074074076 0.103125 0.07592592592592592
4 0.8302083333333333 0.22777777777777777 0.06354166666666666 0.1259259259259259
4 0.5489583333333333 0.22407407407407406 0.06666666666666667 0.08333333333333333
4 0.6940104166666666 0.1787037037037037 0.049479166666666664 0.06666666666666667
5 0.7614583333333333 0.12546296296296297 0.014583333333333334 0.019444444444444445
4 0.88828125 0.09907407407407408 0.016145833333333335 0.03333333333333333
5 0.7786458333333334 0.1398148148148148 0.017708333333333333 0.024074074074074074
5 0.7830729166666667 0.11574074074074074 0.0140625 0.018518518518518517
5 0.73203125 0.12824074074074074 0.016145833333333335 0.021296296296296296
5 0.8674479166666667 0.11342592592592593 0.011979166666666667 0.017592592592592594
5 0.81015625 0.09861111111111111 0.011979166666666667 0.017592592592592594
4 0.8427083333333333 0.0962962962962963 0.011458333333333333 0.022222222222222223
5 0.8310677083333334 0.11060185185185185 0.00817708333333324 0.013055555555555551
5 0.820703125 0.10601851851851851 0.008697916666666573 0.013148148148148138