3 0.5036458333333333 0.9708333333333333 0.020833333333333332 0.05462962962962963
3 0.5625 0.3282407407407407 0.0375 0.03425925925925926
4 0.10598958333333333 0.7027777777777777 0.21145833333333333 0.48333333333333334
4 0.6716145833333333 0.18981481481481483 0.028645833333333332 0.05555555555555555
4 0.553125 0.2513888888888889 0.03177083333333333 0.075
5 0.6127604166666667 0.1912037037037037 0.015625 0.022222222222222223
5 0.5169270833333334 0.19027777777777777 0.013541666666666667 0.022222222222222223
5 0.60625 0.16527777777777777 0.011979166666666667 0.017592592592592594
2 0.46510416666666665 0.6509259259259259 0.024479166666666666 0.10555555555555556
3 0.0709375 0.9446666666666667 0.03145833333333333 0.06266666666666662
3 0.215 0.7232500000000001 0.021666666666666678 0.0642870370370371
3 0.2845833333333333 0.6305000000000001 0.044166666666666646 0.08988888888888882
3 0.3146875 0.5570092592592593 0.01895833333333338 0.050314814814814736
3 0.35583333333333333 0.4955462962962964 0.02000000000000005 0.04591666666666664
3 0.3832291666666666 0.4385277777777778 0.02687499999999995 0.05038888888888885
3 0.41479166666666667 0.3944722222222222 0.017083333333333308 0.04375925925925925
3 0.4297916666666667 0.3654074074074074 0.013750000000000047 0.04858333333333336