3 0.8317708333333333 0.3541666666666667 0.016666666666666666 0.012037037037037037
3 0.8013020833333333 0.8425925925925926 0.04010416666666667 0.03148148148148148
5 0.40520833333333334 0.3138888888888889 0.0390625 0.049074074074074076
5 0.6221354166666667 0.14537037037037037 0.014583333333333334 0.022222222222222223
5 0.6796875 0.18564814814814815 0.019791666666666666 0.03148148148148148
3 0.7546145833333333 0.20834259259259258 0.013687500000000104 0.016657407407407416
4 0.73203125 0.1259259259259259 0.027604166666666666 0.046296296296296294
5 0.677125 0.11549999999999998 0.009583333333333381 0.011629629629629618
5 0.6731510416666667 0.10552777777777778 0.008645833333333287 0.010805555555555544
5 0.7073854166666667 0.08683333333333333 0.007010416666666686 0.009972222222222231
3 0.7429114583333334 0.19528703703703704 0.009552083333333409 0.02492592592592594
3 0.8368645833333334 0.42144444444444445 0.010281249999999886 0.014212962962962985