3 0.73046875 0.8467592592592592 0.013020833333333334 0.028703703703703703
3 0.7861979166666667 0.8592592592592593 0.0109375 0.04259259259259259
5 0.7135416666666666 0.7509259259259259 0.07864583333333333 0.12129629629629629
5 0.5013020833333334 0.6013888888888889 0.06614583333333333 0.07037037037037037
5 0.65078125 0.45601851851851855 0.0375 0.04259259259259259
5 0.4388020833333333 0.5092592592592593 0.05520833333333333 0.05925925925925926
5 0.5502604166666667 0.43425925925925923 0.0359375 0.040740740740740744
4 0.64765625 0.3819444444444444 0.04010416666666667 0.06296296296296296
5 0.67578125 0.3625 0.024479166666666666 0.025925925925925925
2 0.753125 0.812962962962963 0.018229166666666668 0.09907407407407408
5 0.7578125 0.32222222222222224 0.015625 0.021296296296296296
4 0.81015625 0.29212962962962963 0.0171875 0.03333333333333333
4 0.83125 0.2625 0.017708333333333333 0.03425925925925926
4 0.5786458333333333 0.7527777777777778 0.0953125 0.12685185185185185
5 0.7778645833333333 0.3300925925925926 0.017708333333333333 0.025925925925925925
5 0.7635416666666667 0.29953703703703705 0.0125 0.016666666666666666
5 0.7786458333333334 0.2722222222222222 0.009375 0.012962962962962963
5 0.5783854166666667 0.7527777777777778 0.09479166666666666 0.12685185185185185
5 0.69296875 0.33287037037037037 0.019791666666666666 0.024074074074074074
5 0.7552083333333334 0.28935185185185186 0.0109375 0.014814814814814815
5 0.23854166666666668 0.4300925925925926 0.034375 0.03148148148148148
5 0.7333333333333333 0.3074074074074074 0.0140625 0.017592592592592594
4 0.6955729166666667 0.387037037037037 0.0265625 0.03796296296296296
5 0.8130208333333333 0.25555555555555554 0.008854166666666666 0.013888888888888888
2 0.6153645833333333 0.7486111111111111 0.020833333333333332 0.09814814814814815
5 0.7369791666666666 0.30185185185185187 0.011979166666666667 0.016666666666666666
5 0.8018229166666667 0.28055555555555556 0.009895833333333333 0.01574074074074074
5 0.17213541666666668 0.43472222222222223 0.053125 0.046296296296296294
5 0.6955729166666667 0.387037037037037 0.0265625 0.03796296296296296
5 0.7950520833333333 0.2712962962962963 0.009895833333333333 0.014814814814814815
5 0.7955729166666666 0.2722222222222222 0.013020833333333334 0.013888888888888888
5 0.5143229166666666 0.3055555555555556 0.019270833333333334 0.016666666666666666
2 0.7036458333333333 0.7967592592592593 0.019791666666666666 0.09166666666666666