0 0.94140625 0.8909722222222223 0.1171875 0.18333333333333332
1 0.6625 0.23472222222222222 0.04921875 0.09166666666666666
1 0.4921875 0.3527777777777778 0.03984375 0.10277777777777777
0 0.741015625 0.3173611111111111 0.03828125 0.0625
1 0.44921875 0.33125 0.04140625 0.09027777777777778
1 0.8109375 0.3902777777777778 0.065625 0.10694444444444444
0 0.675390625 0.4791666666666667 0.04921875 0.07083333333333333
0 0.545703125 0.3645833333333333 0.03203125 0.06527777777777778
1 0.7140625 0.2722222222222222 0.0421875 0.0763888888888889
0 0.9046875 0.5215277777777778 0.08203125 0.11666666666666667
0 0.66640625 0.31875 0.03046875 0.041666666666666664
1 0.478515625 0.22291666666666668 0.021875 0.04722222222222222
0 0.432421875 0.1986111111111111 0.01328125 0.019444444444444445
1 0.44765625 0.22569444444444445 0.01875 0.03611111111111111
0 0.401953125 0.17777777777777778 0.01171875 0.016666666666666666
0 0.59765625 0.26944444444444443 0.0234375 0.04027777777777778
0 0.58984375 0.18958333333333333 0.0140625 0.02361111111111111
0 0.455078125 0.21041666666666667 0.0125 0.022222222222222223
1 0.626171875 0.20277777777777778 0.0265625 0.04861111111111111
0 0.597265625 0.26944444444444443 0.02421875 0.04027777777777778
0 0.445703125 0.21319444444444444 0.015625 0.02361111111111111
