1 0.711328125 0.4583333333333333 0.03515625 0.07222222222222222
1 0.698828125 0.4 0.01953125 0.03888888888888889
0 0.63125 0.42430555555555555 0.015625 0.02638888888888889
1 0.5953125 0.4270833333333333 0.0328125 0.06805555555555555
0 0.675390625 0.41180555555555554 0.01484375 0.020833333333333332
0 0.69140625 0.6548611111111111 0.0390625 0.0625
0 0.634765625 0.39375 0.01015625 0.018055555555555554
0 0.683203125 0.3854166666666667 0.01484375 0.015277777777777777
1 0.7765625 0.4888888888888889 0.04375 0.05
1 0.5976328125 0.3873472222222222 0.022640625000000015 0.03601388888888882
