0 0.20651041666666667 0.36574074074074076 0.103125 0.07592592592592592
1 0.83046875 0.22824074074074074 0.0640625 0.1259259259259259
1 0.5489583333333333 0.225 0.06666666666666667 0.08333333333333333
1 0.6942708333333333 0.1787037037037037 0.049479166666666664 0.06666666666666667
0 0.76171875 0.12546296296296297 0.014583333333333334 0.019444444444444445
1 0.88828125 0.09953703703703703 0.016145833333333335 0.03333333333333333
0 0.7786458333333334 0.14027777777777778 0.017708333333333333 0.024074074074074074
0 0.7830729166666667 0.1162037037037037 0.0140625 0.018518518518518517
0 0.73203125 0.12824074074074074 0.016145833333333335 0.021296296296296296
0 0.8677083333333333 0.11342592592592593 0.011979166666666667 0.017592592592592594
0 0.81015625 0.09907407407407408 0.011979166666666667 0.017592592592592594
1 0.84296875 0.09675925925925925 0.011458333333333333 0.023148148148148147
