0 0.2604166666666667 0.6319444444444444 0.090625 0.07314814814814814
1 0.1625 0.8657407407407407 0.32447916666666665 0.26851851851851855
0 0.56953125 0.46111111111111114 0.043229166666666666 0.049074074074074076
0 0.7122395833333334 0.7560185185185185 0.08072916666666667 0.13148148148148148
0 0.6552083333333333 0.38287037037037036 0.029166666666666667 0.03518518518518519
0 0.603125 0.39166666666666666 0.030729166666666665 0.03888888888888889
1 0.196875 0.4027777777777778 0.06145833333333333 0.0712962962962963
1 0.7528645833333333 0.3578703703703704 0.023958333333333335 0.04722222222222222
0 0.8026041666666667 0.28194444444444444 0.010416666666666666 0.014814814814814815
0 0.7989583333333333 0.30462962962962964 0.0140625 0.018518518518518517
1 0.771875 0.3050925925925926 0.016145833333333335 0.02962962962962963
0 0.74609375 0.3199074074074074 0.016666666666666666 0.022222222222222223
0 0.3072916666666667 0.41759259259259257 0.03854166666666667 0.03333333333333333
0 0.15885416666666666 0.4587962962962963 0.0390625 0.03148148148148148
0 0.7609375 0.30092592592592593 0.014583333333333334 0.019444444444444445
0 0.7184895833333333 0.31296296296296294 0.016666666666666666 0.021296296296296296
0 0.7083333333333334 0.3416666666666667 0.022395833333333334 0.030555555555555555
0 0.7854166666666667 0.26805555555555555 0.010416666666666666 0.012037037037037037
0 0.5778645833333333 0.7532407407407408 0.09322916666666667 0.12685185185185185
1 0.8252604166666667 0.2689814814814815 0.016145833333333335 0.02962962962962963
0 0.7828125 0.28194444444444444 0.009895833333333333 0.013888888888888888
0 0.578125 0.7527777777777778 0.09375 0.12685185185185185
0 0.79765625 0.2569444444444444 0.008333333333333333 0.011111111111111112
0 0.7640625 0.2902777777777778 0.011979166666666667 0.013888888888888888
0 0.74921875 0.29305555555555557 0.0125 0.016666666666666666
0 0.8114583333333333 0.25972222222222224 0.008333333333333333 0.011111111111111112
0 0.8455729166666667 0.25092592592592594 0.008333333333333333 0.012037037037037037
