3 0.086328125 0.8993055555555556 0.02890625 0.02361111111111111
5 0.73046875 0.6472222222222223 0.06875 0.10277777777777777
4 0.4140625 0.4173611111111111 0.0515625 0.11805555555555555
5 0.71640625 0.38819444444444445 0.040625 0.059722222222222225
4 0.490234375 0.4111111111111111 0.05078125 0.13055555555555556
5 0.5578125 0.4041666666666667 0.034375 0.05555555555555555
5 0.80078125 0.4048611111111111 0.0484375 0.06805555555555555
5 0.640625 0.36944444444444446 0.034375 0.04722222222222222
5 0.679296875 0.3263888888888889 0.03046875 0.044444444444444446
5 0.734375 0.31875 0.0328125 0.04861111111111111
5 0.70703125 0.28055555555555556 0.0296875 0.05
4 0.40625 0.1763888888888889 0.01875 0.03333333333333333
5 0.49609375 0.26319444444444445 0.01875 0.029166666666666667
5 0.614453125 0.3013888888888889 0.02265625 0.03888888888888889
5 0.49765625 0.22569444444444445 0.015625 0.020833333333333332
5 0.601171875 0.24166666666666667 0.01953125 0.025
5 0.680078125 0.24791666666666667 0.02265625 0.034722222222222224
5 0.503515625 0.2951388888888889 0.02109375 0.043055555555555555
4 0.660546875 0.22847222222222222 0.02421875 0.043055555555555555
5 0.628515625 0.20833333333333334 0.01796875 0.030555555555555555
5 0.45234375 0.20416666666666666 0.0125 0.019444444444444445
4 0.6171875 0.19652777777777777 0.01875 0.0375
4 0.34296875 0.1638888888888889 0.0171875 0.027777777777777776
4 0.6203125 0.19722222222222222 0.025 0.041666666666666664
5 0.55859375 0.2388888888888889 0.015625 0.019444444444444445
4 0.54921875 0.18472222222222223 0.0296875 0.05
5 0.514453125 0.19930555555555557 0.01171875 0.015277777777777777
4 0.45390625 0.16527777777777777 0.01875 0.030555555555555555
5 0.3764296875 0.1704166666666667 0.012437499999999968 0.016500000000000015