3 0.2520833333333333 0.6412037037037037 0.011458333333333333 0.008333333333333333
5 0.21145833333333333 0.3347222222222222 0.011979166666666667 0.016666666666666666
5 0.271875 0.4375 0.025 0.03888888888888889
5 0.24739583333333334 0.35694444444444445 0.013541666666666667 0.019444444444444445
5 0.23645833333333333 0.3402777777777778 0.0125 0.017592592592592594
0 0.27239583333333334 0.3101851851851852 0.0171875 0.025925925925925925
5 0.3346354166666667 0.46944444444444444 0.0328125 0.05462962962962963
5 0.24479166666666666 0.30324074074074076 0.009375 0.012962962962962963
4 0.249375 0.2741851851851852 0.006369791666666676 0.014249999999999987
5 0.229953125 0.2939074074074074 0.006989583333333312 0.00986111111111109
5 0.24341666666666667 0.2763703703703704 0.00390625 0.005481481481481444