3 0.08671875 0.8993055555555556 0.028125 0.02361111111111111
4 0.25234375 0.7048611111111112 0.15546875 0.30972222222222223
5 0.871875 0.6958333333333333 0.09609375 0.1361111111111111
5 0.720703125 0.6729166666666667 0.0734375 0.10555555555555556
5 0.7671875 0.353125 0.0453125 0.06805555555555555
5 0.776171875 0.48680555555555555 0.05546875 0.07916666666666666
5 0.6640625 0.42986111111111114 0.0453125 0.07083333333333333
5 0.6625 0.3013888888888889 0.02734375 0.04027777777777778
4 0.507421875 0.28888888888888886 0.03046875 0.08055555555555556
4 0.458984375 0.2951388888888889 0.02890625 0.06527777777777778
5 0.723046875 0.2965277777777778 0.03359375 0.05555555555555555
5 0.540625 0.2875 0.02109375 0.030555555555555555
5 0.690625 0.27291666666666664 0.02890625 0.03888888888888889
4 0.37265625 0.16597222222222222 0.01796875 0.029166666666666667
4 0.649609375 0.21458333333333332 0.025 0.05
5 0.4734375 0.23194444444444445 0.015625 0.02361111111111111
5 0.823828125 0.425 0.053125 0.075
5 0.490625 0.24861111111111112 0.01640625 0.03194444444444444
4 0.589453125 0.2 0.0359375 0.058333333333333334
5 0.41015625 0.1875 0.0109375 0.013888888888888888
5 0.6640625 0.2361111111111111 0.025 0.03888888888888889
5 0.4625 0.20416666666666666 0.0140625 0.016666666666666666
5 0.5985234375 0.2786111111111111 0.023203125000000036 0.025694444444444443
4 0.4908046875 0.17315277777777777 0.024351562500000055 0.029763888888888878
4 0.4363984375 0.16165277777777778 0.012937499999999958 0.023000000000000003