0 0.38671875 0.712037037037037 0.08645833333333333 0.09537037037037037
0 0.7135416666666666 0.7537037037037037 0.078125 0.1259259259259259
0 0.25390625 0.6361111111111111 0.09270833333333334 0.08425925925925926
0 0.6645833333333333 0.47453703703703703 0.036458333333333336 0.05185185185185185
0 0.6065104166666667 0.42962962962962964 0.033854166666666664 0.03981481481481482
0 0.5145833333333333 0.45601851851851855 0.043229166666666666 0.05
0 0.20807291666666666 0.44166666666666665 0.04739583333333333 0.03981481481481482
0 0.575890625 0.7580648148148148 0.09322916666666667 0.12685185185185185
0 0.72578125 0.3560185185185185 0.0203125 0.028703703703703703
0 0.63359375 0.37592592592592594 0.0265625 0.02962962962962963
1 0.7546875 0.3541666666666667 0.030729166666666665 0.05740740740740741
0 0.30572916666666666 0.4152777777777778 0.03854166666666667 0.03611111111111111
0 0.7088541666666667 0.3439814814814815 0.020833333333333332 0.023148148148148147
1 0.7997395833333333 0.29398148148148145 0.027604166666666666 0.05092592592592592
0 0.7208333333333333 0.3148148148148148 0.014583333333333334 0.018518518518518517
0 0.76484375 0.2949074074074074 0.0140625 0.019444444444444445
0 0.32916666666666666 0.39490740740740743 0.024479166666666666 0.028703703703703703
0 0.8184895833333333 0.26481481481481484 0.009895833333333333 0.013888888888888888
2 0.11432291666666666 0.4212962962962963 0.09166666666666666 0.06759259259259259
0 0.03984375 0.5023148148148148 0.051041666666666666 0.03425925925925926
0 0.8348958333333333 0.26435185185185184 0.009375 0.017592592592592594
0 0.7505208333333333 0.2916666666666667 0.013020833333333334 0.01574074074074074
0 0.23046875 0.41435185185185186 0.03125 0.03611111111111111
0 0.8143229166666667 0.2569444444444444 0.009375 0.012962962962962963
2 0.35047395833333334 0.3531481481481481 0.06515104166666662 0.06117592592592587
