3 0.375 0.8851851851851852 0.04375 0.06666666666666667
4 0.1203125 0.4222222222222222 0.1796875 0.17037037037037037
4 0.5359375 0.25925925925925924 0.0921875 0.1175925925925926
4 0.6536458333333334 0.4532407407407407 0.17239583333333333 0.30925925925925923
5 0.7528645833333333 0.12916666666666668 0.018229166666666668 0.023148148148148147
4 0.88828125 0.10416666666666667 0.017708333333333333 0.03611111111111111
5 0.8619791666666666 0.12175925925925926 0.014583333333333334 0.019444444444444445
5 0.7328125 0.16666666666666666 0.0265625 0.032407407407407406
5 0.7153645833333333 0.14444444444444443 0.021354166666666667 0.025925925925925925
5 0.6713541666666667 0.15231481481481482 0.026041666666666668 0.027777777777777776
4 0.8395833333333333 0.10138888888888889 0.011458333333333333 0.023148148148148147
5 0.875 0.0962962962962963 0.009375 0.016666666666666666
5 0.79609375 0.10694444444444444 0.016145833333333335 0.014814814814814815
5 0.7984375 0.1087962962962963 0.0140625 0.01574074074074074
5 0.8100468749999999 0.1111574074074074 0.010515625000000028 0.01702777777777779
5 0.8190208333333333 0.11873148148148147 0.010583333333333418 0.01664814814814815