3 0.5036458333333333 0.9699074074074074 0.020833333333333332 0.05462962962962963
3 0.5630208333333333 0.32731481481481484 0.03854166666666667 0.03425925925925926
5 0.715625 0.5574074074074075 0.06302083333333333 0.09351851851851851
4 0.5528645833333333 0.25092592592592594 0.030729166666666665 0.075
5 0.6234375 0.1763888888888889 0.014583333333333334 0.020370370370370372
4 0.49114583333333334 0.1824074074074074 0.021875 0.05
4 0.50625 0.16574074074074074 0.016145833333333335 0.03425925925925926
4 0.63671875 0.15648148148148147 0.015104166666666667 0.025925925925925925
4 0.6643229166666667 0.19027777777777777 0.0203125 0.03796296296296296
4 0.5698958333333334 0.14069444444444443 0.016875000000000046 0.025092592592592614
3 0.07364583333333334 0.9457592592592593 0.024375000000000004 0.09077777777777785
3 0.211875 0.7283888888888889 0.019583333333333345 0.06343518518518518
3 0.28072916666666664 0.6180277777777778 0.013541666666666667 0.050138888888888976
3 0.31933333333333336 0.5588240740740741 0.011098958333333304 0.0382592592592592
3 0.357875 0.4914351851851852 0.012979166666666705 0.0408148148148148
3 0.38634375 0.4417037037037037 0.013338541666666615 0.03045370370370369
3 0.41365104166666666 0.3937962962962963 0.008864583333333323 0.02759259259259255
3 0.4293177083333333 0.3676203703703703 0.007968749999999976 0.033796296296296297
3 0.443234375 0.34629629629629627 0.00788020833333339 0.025518518518518468
3 0.467703125 0.30636111111111114 0.005473958333333329 0.019490740740740697
3 0.4815520833333334 0.28648148148148145 0.005161458333333376 0.01773148148148146
3 0.48971875 0.2751574074074074 0.004984374999999967 0.01486111111111107
3 0.49663541666666666 0.26090740740740737 0.0023802083333333 0.015425925925925897
3 0.503703125 0.25176851851851856 0.003947916666666629 0.013750000000000021
3 0.5092916666666667 0.2437037037037037 0.003994791666666705 0.012314814814814773