3 0.5028645833333333 0.9680555555555556 0.0203125 0.05648148148148148
3 0.5625 0.32916666666666666 0.0375 0.032407407407407406
5 0.7375 0.6458333333333334 0.078125 0.11574074074074074
4 0.5528645833333333 0.2490740740740741 0.030729166666666665 0.07777777777777778
5 0.6247395833333333 0.17824074074074073 0.0140625 0.021296296296296296
4 0.4921875 0.18101851851851852 0.019791666666666666 0.04722222222222222
4 0.50625 0.16296296296296298 0.015625 0.03148148148148148
4 0.571875 0.13935185185185187 0.015625 0.025
4 0.6380208333333334 0.15601851851851853 0.016666666666666666 0.026851851851851852
5 0.6684895833333333 0.19953703703703704 0.018229166666666668 0.021296296296296296
3 0.07161458333333333 0.9435185185185185 0.03177083333333333 0.08888888888888889
3 0.21223958333333334 0.7282407407407407 0.021354166666666667 0.058333333333333334
3 0.27786458333333336 0.6185185185185185 0.019270833333333334 0.06111111111111111
3 0.31744791666666666 0.5555555555555556 0.016145833333333335 0.046296296296296294
3 0.35598958333333336 0.4925925925925926 0.0140625 0.04259259259259259
3 0.3846354166666667 0.44027777777777777 0.015104166666666667 0.03981481481481482
3 0.41302083333333334 0.3921296296296296 0.010416666666666666 0.032407407407407406
3 0.4278645833333333 0.3638888888888889 0.013020833333333334 0.03888888888888889
3 0.4421875 0.34444444444444444 0.009375 0.03148148148148148
3 0.4666666666666667 0.3055555555555556 0.007291666666666667 0.025925925925925925
3 0.48046875 0.2851851851851852 0.0078125 0.024074074074074074
3 0.33828125 0.31574074074074077 0.005729166666666666 0.020370370370370372
3 0.34791666666666665 0.30787037037037035 0.010416666666666666 0.025
3 0.48897395833333335 0.27650925925925923 0.006135416666666653 0.022675925925925933
3 0.49671875000000004 0.26187962962962963 0.0058125000000000425 0.01980555555555554
3 0.5031770833333333 0.25254629629629627 0.0038750000000000286 0.0183703703703704
3 0.5085885416666667 0.24379629629629632 0.004359374999999943 0.013490740740740787
3 0.5121354166666666 0.23662037037037037 0.005328125000000009 0.017509259259259256
3 0.515609375 0.23016666666666669 0.004520833333333366 0.012629629629629617