1 0.4859375 0.6180555555555556 0.0984375 0.18888888888888888
0 0.56875 0.6381944444444444 0.04296875 0.07777777777777778
1 0.54140625 0.4534722222222222 0.03984375 0.0875
0 0.62265625 0.4527777777777778 0.01875 0.029166666666666667
0 0.676171875 0.44166666666666665 0.0171875 0.02638888888888889
1 0.696484375 0.3993055555555556 0.01875 0.03611111111111111
1 0.724609375 0.4111111111111111 0.0265625 0.05416666666666667
0 0.66875 0.38680555555555557 0.01171875 0.015277777777777777
0 0.65859375 0.3736111111111111 0.01015625 0.015277777777777777
1 0.758484375 0.4914861111111111 0.03660937499999992 0.07338888888888893
