1 0.6955729166666667 0.4074074074074074 0.0671875 0.10925925925925926
0 0.5666666666666667 0.45185185185185184 0.040625 0.049074074074074076
1 0.4622395833333333 0.6638888888888889 0.12291666666666666 0.17314814814814813
0 0.48333333333333334 0.47962962962962963 0.04635416666666667 0.05185185185185185
0 0.5778645833333333 0.7532407407407408 0.09479166666666666 0.1287037037037037
0 0.7138020833333333 0.7569444444444444 0.078125 0.13425925925925927
0 0.7552083333333334 0.3236111111111111 0.017708333333333333 0.025
0 0.7213541666666666 0.30787037037037035 0.016145833333333335 0.021296296296296296
0 0.8019635416666666 0.2987962962962963 0.015104166666666667 0.03148148148148148
0 0.62578125 0.37824074074074077 0.027604166666666666 0.032407407407407406
0 0.78515625 0.2791666666666667 0.011458333333333333 0.014814814814814815
0 0.8263020833333333 0.26944444444444443 0.010416666666666666 0.014814814814814815
0 0.771875 0.2912037037037037 0.013541666666666667 0.017592592592592594
0 0.7484375 0.30787037037037035 0.014583333333333334 0.021296296296296296
0 0.8138020833333334 0.26666666666666666 0.0109375 0.012037037037037037
2 0.6565104166666667 0.38796296296296295 0.052083333333333336 0.08148148148148149
1 0.6565104166666667 0.38796296296296295 0.05260416666666667 0.08055555555555556
0 0.10442708333333334 0.47824074074074074 0.0375 0.03981481481481482
0 0.80390625 0.2800925925925926 0.011458333333333333 0.016666666666666666
0 0.7708333333333334 0.27546296296296297 0.010416666666666666 0.014814814814814815
0 0.8247395833333333 0.24768518518518517 0.007291666666666667 0.010185185185185186
1 0.8393229166666667 0.2513888888888889 0.013020833333333334 0.020370370370370372
