3 0.8328125 0.3537037037037037 0.015625 0.011111111111111112
3 0.8018229166666667 0.8425925925925926 0.04010416666666667 0.02962962962962963
5 0.3770833333333333 0.3351851851851852 0.043229166666666666 0.05555555555555555
5 0.6177083333333333 0.14907407407407408 0.0140625 0.020370370370370372
5 0.6828125 0.17962962962962964 0.01875 0.030555555555555555
4 0.7321875 0.12919444444444445 0.019838541666666744 0.03382407407407409
5 0.6734843749999999 0.11803703703703704 0.013359375000000047 0.017277777777777774
5 0.6709427083333334 0.10599074074074075 0.009963541666666723 0.015425925925925923
5 0.68765625 0.1057037037037037 0.009963541666666723 0.024000000000000014
5 0.7046875 0.08685185185185185 0.007390625000000028 0.01142592592592593
3 0.753375 0.20762962962962964 0.015281250000000076 0.01743518518518517
3 0.7427083333333333 0.19481481481481483 0.007208333333333409 0.026657407407407425
3 0.8335885416666666 0.4209722222222222 0.012588541666666704 0.021314814814814797