3 0.086328125 0.8986111111111111 0.03046875 0.025
5 0.74609375 0.7104166666666667 0.07734375 0.11805555555555555
4 0.422265625 0.4013888888888889 0.046875 0.1111111111111111
4 0.4953125 0.3909722222222222 0.04765625 0.13055555555555556
5 0.72421875 0.40208333333333335 0.04296875 0.06388888888888888
5 0.5578125 0.3875 0.03203125 0.05277777777777778
5 0.81328125 0.42083333333333334 0.05078125 0.06944444444444445
5 0.645703125 0.3819444444444444 0.034375 0.05138888888888889
5 0.68515625 0.3347222222222222 0.0328125 0.04722222222222222
5 0.618359375 0.30972222222222223 0.0265625 0.04027777777777778
5 0.494140625 0.25972222222222224 0.01953125 0.027777777777777776
5 0.49453125 0.22361111111111112 0.015625 0.020833333333333332
4 0.403125 0.1763888888888889 0.01953125 0.03194444444444444
5 0.738671875 0.325 0.03359375 0.04861111111111111
5 0.6640703125 0.24030555555555558 0.021078125000000014 0.026333333333333306
5 0.60546875 0.24375 0.021875 0.027777777777777776
5 0.6814375 0.25305555555555553 0.021875 0.03611111111111111
5 0.502734375 0.2902777777777778 0.02109375 0.03888888888888889
4 0.303515625 0.15486111111111112 0.01640625 0.020833333333333332
4 0.553125 0.18472222222222223 0.03046875 0.05555555555555555
4 0.340625 0.16319444444444445 0.0171875 0.027777777777777776
5 0.5186015625 0.20230555555555554 0.012453125000000042 0.016527777777777745
5 0.561546875 0.23980555555555555 0.015757812500000058 0.01687499999999997
4 0.6195625 0.19741666666666666 0.02030468750000001 0.03611111111111111
5 0.629609375 0.2118888888888889 0.013593750000000071 0.029694444444444437
5 0.7110546875 0.284625 0.028773437499999943 0.04623611111111114
4 0.4558359375 0.16668055555555555 0.019742187499999987 0.03155555555555555
5 0.44983593749999995 0.20306944444444447 0.010164062499999993 0.01630555555555557