3 0.086328125 0.8993055555555556 0.02890625 0.02361111111111111
5 0.730859375 0.6479166666666667 0.06875 0.10277777777777777
4 0.4140625 0.41805555555555557 0.0515625 0.11805555555555555
5 0.716796875 0.3888888888888889 0.040625 0.059722222222222225
4 0.490625 0.4111111111111111 0.05078125 0.13055555555555556
5 0.5578125 0.4041666666666667 0.034375 0.05555555555555555
5 0.801171875 0.40555555555555556 0.0484375 0.06805555555555555
5 0.640625 0.3701388888888889 0.034375 0.04722222222222222
5 0.679296875 0.32708333333333334 0.03046875 0.044444444444444446
5 0.734375 0.3194444444444444 0.0328125 0.04722222222222222
5 0.70703125 0.28125 0.0296875 0.04861111111111111
4 0.406640625 0.17708333333333334 0.01875 0.03333333333333333
5 0.49609375 0.2638888888888889 0.01875 0.029166666666666667
5 0.614453125 0.3020833333333333 0.02265625 0.03888888888888889
5 0.49765625 0.2263888888888889 0.015625 0.020833333333333332
5 0.6015625 0.2423611111111111 0.01953125 0.025
5 0.68046875 0.24861111111111112 0.02265625 0.034722222222222224
5 0.503515625 0.29583333333333334 0.02109375 0.043055555555555555
5 0.660546875 0.22847222222222222 0.02421875 0.043055555555555555
5 0.62890625 0.20902777777777778 0.01796875 0.030555555555555555
5 0.452734375 0.20416666666666666 0.0125 0.019444444444444445
5 0.617578125 0.19722222222222222 0.01875 0.0375
4 0.34296875 0.16458333333333333 0.0171875 0.02638888888888889
5 0.55859375 0.2388888888888889 0.015625 0.019444444444444445
5 0.44921875 0.19652777777777777 0.01015625 0.018055555555555554