3 0.7302083333333333 0.8467592592592592 0.013541666666666667 0.03425925925925926
3 0.7864583333333334 0.8592592592592593 0.011458333333333333 0.04259259259259259
5 0.11484375 0.8041666666666667 0.1296875 0.11296296296296296
5 0.2825520833333333 0.7643518518518518 0.10416666666666667 0.10740740740740741
5 0.5776041666666667 0.7537037037037037 0.0953125 0.12962962962962962
4 0.7213541666666666 0.3800925925925926 0.05520833333333333 0.09537037037037037
5 0.7114583333333333 0.7564814814814815 0.08385416666666666 0.13425925925925927
5 0.62109375 0.41064814814814815 0.0328125 0.04259259259259259
5 0.5479166666666667 0.4351851851851852 0.03802083333333333 0.044444444444444446
5 0.7690104166666667 0.3101851851851852 0.015104166666666667 0.021296296296296296
4 0.5515625 0.5680555555555555 0.09270833333333334 0.13425925925925927
2 0.7528645833333333 0.812037037037037 0.01875 0.0962962962962963
5 0.6544270833333333 0.35833333333333334 0.024479166666666666 0.030555555555555555
4 0.6932291666666667 0.3592592592592593 0.04583333333333333 0.07037037037037037
4 0.8075520833333333 0.2949074074074074 0.0140625 0.027777777777777776
5 0.7796875 0.2851851851851852 0.013541666666666667 0.01574074074074074
5 0.7588541666666667 0.29953703703703705 0.0140625 0.019444444444444445
5 0.73515625 0.29953703703703705 0.015104166666666667 0.018518518518518517
5 0.7934895833333333 0.2740740740740741 0.010416666666666666 0.013888888888888888
5 0.8309895833333333 0.2652777777777778 0.009375 0.013888888888888888
2 0.6770833333333334 0.7837962962962963 0.01875 0.08981481481481482
5 0.8130208333333333 0.25787037037037036 0.007291666666666667 0.012037037037037037
5 0.7778645833333333 0.26805555555555555 0.011458333333333333 0.012962962962962963
4 0.8421875 0.24861111111111112 0.011458333333333333 0.020370370370370372
5 0.8205729166666667 0.26064814814814813 0.008333333333333333 0.012962962962962963