1 0.21510416666666668 0.37546296296296294 0.15 0.1527777777777778
1 0.69609375 0.3976851851851852 0.14427083333333332 0.26296296296296295
1 0.56484375 0.24259259259259258 0.08177083333333333 0.1111111111111111
1 0.8885416666666667 0.10416666666666667 0.017708333333333333 0.03611111111111111
0 0.75703125 0.1259259259259259 0.016666666666666666 0.023148148148148147
0 0.7216145833333333 0.14212962962962963 0.01875 0.024074074074074074
0 0.8630208333333333 0.11990740740740741 0.0140625 0.019444444444444445
0 0.6807291666666667 0.14722222222222223 0.023958333333333335 0.027777777777777776
0 0.7401041666666667 0.16157407407407406 0.025 0.03425925925925926
0 0.8744791666666667 0.09675925925925925 0.009375 0.014814814814814815
0 0.7981770833333334 0.1050925925925926 0.014583333333333334 0.013888888888888888
0 0.8005208333333333 0.10833333333333334 0.013541666666666667 0.013888888888888888
0 0.8197916666666667 0.11898148148148148 0.0109375 0.01574074074074074
1 0.83984375 0.10231481481481482 0.011979166666666667 0.024074074074074074
