3 0.086328125 0.8986111111111111 0.03046875 0.025
5 0.815234375 0.5868055555555556 0.075 0.10277777777777777
4 0.480859375 0.40208333333333335 0.04765625 0.12222222222222222
4 0.4375 0.36041666666666666 0.04453125 0.10555555555555556
4 0.77265625 0.35138888888888886 0.05390625 0.08333333333333333
4 0.69765625 0.2548611111111111 0.0359375 0.06805555555555555
4 0.485546875 0.23194444444444445 0.02265625 0.05138888888888889
5 0.643359375 0.2861111111111111 0.025 0.03194444444444444
5 0.653515625 0.4041666666666667 0.03671875 0.05694444444444444
4 0.4546875 0.2326388888888889 0.0203125 0.043055555555555555
5 0.583984375 0.2569444444444444 0.02109375 0.030555555555555555
5 0.415625 0.18194444444444444 0.0125 0.016666666666666666
4 0.644921875 0.22916666666666666 0.04765625 0.07777777777777778
5 0.49921875 0.22569444444444445 0.01640625 0.027777777777777776
5 0.441796875 0.20555555555555555 0.01328125 0.018055555555555554
4 0.61484375 0.2 0.02265625 0.04027777777777778
5 0.4640625 0.21666666666666667 0.01171875 0.025
5 0.55234375 0.23055555555555557 0.01640625 0.025
5 0.9545546874999999 0.6053194444444444 0.08932812500000012 0.14975000000000008
5 0.8431875 0.4417083333333333 0.0630859375 0.09212500000000005
5 0.7195703124999999 0.2945138888888889 0.036046875000000075 0.06087499999999998
5 0.5439375 0.43168055555555557 0.03552343750000002 0.08781944444444446
4 0.5367578125 0.196625 0.024765625000000034 0.03768055555555555