3 0.50390625 0.9699074074074074 0.0203125 0.05462962962962963
3 0.5627604166666667 0.3287037037037037 0.03802083333333333 0.03148148148148148
2 0.4354166666666667 0.7592592592592593 0.03177083333333333 0.125
4 0.5526041666666667 0.25 0.030208333333333334 0.07407407407407407
5 0.6950520833333333 0.29444444444444445 0.0296875 0.04351851851851852
4 0.50625 0.19166666666666668 0.023958333333333335 0.05555555555555555
4 0.6247395833333333 0.16064814814814815 0.0140625 0.026851851851851852
3 0.07416145833333333 0.9447222222222221 0.031937499999999994 0.10141666666666675
3 0.21334895833333334 0.7305370370370371 0.027473958333333333 0.06760185185185184
3 0.2797916666666667 0.6256111111111111 0.016916666666666677 0.05021296296296298
3 0.320390625 0.5599074074074074 0.016916666666666677 0.048731481481481584
3 0.35862499999999997 0.5051574074074074 0.021651041666666634 0.06193518518518528
3 0.4161927083333333 0.3940462962962963 0.0148072916666667 0.03814814814814819
3 0.3867760416666667 0.44305555555555554 0.013572916666666638 0.033787037037037046
3 0.337828125 0.31742592592592594 0.010286458333333333 0.027500000000000042
3 0.4295104166666667 0.3655185185185185 0.009562499999999948 0.03227777777777779
3 0.4670416666666667 0.30379629629629634 0.012651041666666647 0.031333333333333366
3 0.4414375 0.3486944444444444 0.00873958333333332 0.020564814814814848
3 0.45573437499999997 0.3210648148148148 0.012239583333333333 0.04272222222222221
3 0.39891666666666664 0.26283333333333336 0.004859374999999962 0.015824074074074105
3 0.48106770833333334 0.2848981481481481 0.008656249999999944 0.01677777777777778
3 0.5097864583333334 0.24466666666666667 0.004859374999999962 0.01610185185185184
3 0.5036614583333333 0.25512962962962965 0.007390625000000028 0.015444444444444398
3 0.498359375 0.2611851851851852 0.005755208333333309 0.0191111111111111
3 0.49083333333333334 0.2725 0.006020833333333305 0.018277777777777785
4 0.66525 0.1709351851851852 0.018229166666666668 0.03518518518518519