3 0.50390625 0.9699074074074074 0.0203125 0.05277777777777778
3 0.5625 0.3282407407407407 0.03854166666666667 0.032407407407407406
5 0.7255208333333333 0.3486111111111111 0.04010416666666667 0.05925925925925926
4 0.4752604166666667 0.2013888888888889 0.028645833333333332 0.06574074074074074
5 0.6416666666666667 0.2675925925925926 0.023958333333333335 0.037037037037037035
4 0.5528645833333333 0.25046296296296294 0.030208333333333334 0.07407407407407407
4 0.5096354166666667 0.16574074074074074 0.013541666666666667 0.025925925925925925
4 0.4979166666666667 0.17916666666666667 0.0171875 0.041666666666666664
4 0.6416666666666667 0.1685185185185185 0.016666666666666666 0.03518518518518519
5 0.6018229166666667 0.16064814814814815 0.0125 0.017592592592592594
4 0.62421875 0.15185185185185185 0.0140625 0.024074074074074074
3 0.08 0.9483333333333334 0.05166666666666666 0.10333333333333325
3 0.201875 0.7158425925925926 0.024583333333333356 0.07910185185185191
3 0.2795833333333333 0.6319814814814815 0.03416666666666665 0.07803703703703702
3 0.31895833333333334 0.558675925925926 0.025416666666666643 0.04994444444444449
3 0.35500000000000004 0.48759259259259263 0.02666666666666669 0.04110185185185189
3 0.3872916666666667 0.446675925925926 0.02041666666666669 0.05187037037037035
3 0.4161458333333333 0.4040925925925926 0.017708333333333333 0.0481944444444444
3 0.4309375 0.37207407407407406 0.018124999999999978 0.04710185185185185
3 0.4483333333333333 0.3542962962962963 0.013333333333333286 0.0411851851851852