3 0.50390625 0.9699074074074074 0.0203125 0.05462962962962963
3 0.5625 0.3282407407407407 0.03854166666666667 0.032407407407407406
4 0.28489583333333335 0.4564814814814815 0.13333333333333333 0.23796296296296296
4 0.68515625 0.20324074074074075 0.0328125 0.06574074074074074
2 0.4640625 0.6625 0.0265625 0.10555555555555556
4 0.5528645833333333 0.25046296296296294 0.03125 0.07592592592592592
5 0.61953125 0.20462962962962963 0.017708333333333333 0.026851851851851852
5 0.5197916666666667 0.1814814814814815 0.0125 0.019444444444444445
5 0.61328125 0.17037037037037037 0.011979166666666667 0.018518518518518517
4 0.5847916666666666 0.14844444444444443 0.009770833333333447 0.021518518518518527
4 0.6238802083333332 0.1512962962962963 0.010645833333333361 0.021518518518518527
3 0.07230729166666668 0.9442870370370371 0.02645833333333334 0.11142592592592584
3 0.21148958333333334 0.7245833333333332 0.02428645833333333 0.06765740740740735
3 0.28027083333333336 0.6173703703703703 0.019786458333333336 0.06237037037037028
3 0.3189166666666667 0.5554722222222221 0.016354166666666715 0.05392592592592593
3 0.35690104166666664 0.48817592592592596 0.014770833333333282 0.04501851851851847
3 0.38354166666666667 0.4440925925925926 0.014770833333333282 0.040333333333333284
3 0.414140625 0.3936851851851852 0.012661458333333304 0.04079629629629635
3 0.4291770833333333 0.3685925925925926 0.013187499999999967 0.039388888888888855
3 0.442234375 0.34632407407407406 0.008703125000000018 0.02860185185185184
3 0.46627604166666664 0.3056111111111111 0.00841666666666671 0.027685185185185163