3 0.261328125 0.6923611111111111 0.02109375 0.020833333333333332
4 0.5625 0.47847222222222224 0.0484375 0.09027777777777778
5 0.675 0.5048611111111111 0.02421875 0.03611111111111111
5 0.614453125 0.47638888888888886 0.02109375 0.03611111111111111
4 0.744921875 0.45069444444444445 0.03203125 0.07083333333333333
4 0.703125 0.4201388888888889 0.02265625 0.05277777777777778
5 0.632421875 0.41458333333333336 0.0140625 0.020833333333333332
4 0.576171875 0.4125 0.028125 0.05555555555555555
5 0.683984375 0.40625 0.0140625 0.018055555555555554
5 0.66953125 0.38958333333333334 0.01171875 0.016666666666666666
4 0.6953125 0.3840277777777778 0.015625 0.029166666666666667