0 0.91171875 0.7708333333333334 0.11015625 0.1486111111111111
1 0.412109375 0.5986111111111111 0.09375 0.21805555555555556
0 0.925390625 0.5694444444444444 0.08125 0.10694444444444444
1 0.385546875 0.4701388888888889 0.0765625 0.1625
0 0.71875 0.6465277777777778 0.07109375 0.1111111111111111
0 0.82734375 0.42916666666666664 0.059375 0.09166666666666666
0 0.709375 0.3763888888888889 0.0390625 0.05416666666666667
0 0.76484375 0.3458333333333333 0.04140625 0.0625
1 0.72109375 0.29375 0.0390625 0.06666666666666667
1 0.669140625 0.23055555555555557 0.0296875 0.05694444444444444
0 0.480078125 0.7868055555555555 0.08515625 0.2013888888888889
1 0.49921875 0.25972222222222224 0.02734375 0.058333333333333334
0 0.6203125 0.31875 0.02734375 0.03888888888888889
1 0.462109375 0.25972222222222224 0.02265625 0.05277777777777778
0 0.46015625 0.21805555555555556 0.0140625 0.022222222222222223
0 0.51953125 0.25416666666666665 0.02109375 0.027777777777777776
0 0.44140625 0.19236111111111112 0.01328125 0.018055555555555554
0 0.597265625 0.24583333333333332 0.01875 0.02361111111111111
1 0.352734375 0.1625 0.015625 0.02638888888888889
0 0.384375 0.17708333333333334 0.01171875 0.018055555555555554
0 0.373828125 0.16875 0.01015625 0.015277777777777777
0 0.68671875 0.25833333333333336 0.02578125 0.044444444444444446
0 0.478515625 0.23055555555555557 0.015625 0.030555555555555555
1 0.293359375 0.15138888888888888 0.01640625 0.02361111111111111
