1 0.566015625 0.4736111111111111 0.046875 0.08888888888888889
0 0.675390625 0.5118055555555555 0.025 0.03888888888888889
0 0.61484375 0.47152777777777777 0.02109375 0.034722222222222224
1 0.747265625 0.4548611111111111 0.0328125 0.07083333333333333
0 0.632421875 0.4131944444444444 0.01328125 0.020833333333333332
1 0.57890625 0.41041666666666665 0.028125 0.05694444444444444
1 0.70390625 0.4263888888888889 0.0234375 0.05
0 0.68671875 0.4083333333333333 0.01328125 0.018055555555555554
0 0.6703125 0.3909722222222222 0.01171875 0.015277777777777777
1 0.60325 0.3702361111111111 0.014515624999999944 0.040527777777777746
1 0.5841093749999999 0.3543472222222222 0.018234374999999935 0.029222222222222212
1 0.6958359375 0.38266666666666665 0.017117187500000065 0.04037500000000007
