1 0.52109375 0.5921296296296297 0.16354166666666667 0.23055555555555557
0 0.5778645833333333 0.7541666666666667 0.09322916666666667 0.125
0 0.7127604166666667 0.7560185185185185 0.08020833333333334 0.12962962962962962
0 0.478125 0.4810185185185185 0.04583333333333333 0.04351851851851852
0 0.6739583333333333 0.3851851851851852 0.030729166666666665 0.03611111111111111
0 0.703125 0.3472222222222222 0.021875 0.025
0 0.81015625 0.2884259259259259 0.011979166666666667 0.016666666666666666
0 0.7765625 0.33055555555555555 0.019270833333333334 0.03981481481481482
0 0.7393229166666667 0.3175925925925926 0.017708333333333333 0.022222222222222223
0 0.76171875 0.30185185185185187 0.013541666666666667 0.017592592592592594
0 0.66328125 0.3476851851851852 0.021354166666666667 0.026851851851851852
0 0.8114583333333333 0.27175925925925926 0.008854166666666666 0.012962962962962963
1 0.8325520833333333 0.26157407407407407 0.0125 0.025
0 0.7859375 0.29074074074074074 0.015104166666666667 0.027777777777777776
0 0.7942708333333334 0.2726851851851852 0.009375 0.012037037037037037
0 0.7645833333333333 0.2814814814814815 0.0109375 0.014814814814814815
0 0.74453125 0.29583333333333334 0.013541666666666667 0.017592592592592594
0 0.7734375 0.2740740740740741 0.009375 0.014814814814814815
1 0.4080729166666667 0.5745370370370371 0.13489583333333333 0.18425925925925926
0 0.08936979166666667 0.8334722222222222 0.15041666666666667 0.143824074074074
0 0.20450520833333333 0.44016666666666665 0.041078125 0.04197222222222226
