0 0.5997395833333333 0.6333333333333333 0.14322916666666666 0.1824074074074074
0 0.5888020833333333 0.45925925925925926 0.09947916666666666 0.1037037037037037
1 0.8611979166666667 0.2101851851851852 0.050520833333333334 0.10648148148148148
0 0.4828125 0.24768518518518517 0.0515625 0.04814814814814815
1 0.8791666666666667 0.12453703703703704 0.025520833333333333 0.053703703703703705
0 0.5671875 0.19537037037037036 0.0359375 0.032407407407407406
1 0.81328125 0.11527777777777778 0.030729166666666665 0.04259259259259259
0 0.7 0.14351851851851852 0.020833333333333332 0.023148148148148147
1 0.8861979166666667 0.09398148148148149 0.013541666666666667 0.025925925925925925
1 0.7684895833333333 0.12731481481481483 0.017708333333333333 0.02962962962962963
0 0.7684895833333333 0.12824074074074074 0.017708333333333333 0.027777777777777776
0 0.7986979166666667 0.10185185185185185 0.011458333333333333 0.01574074074074074
