3 0.5338541666666666 0.9708333333333333 0.027083333333333334 0.025
5 0.4903645833333333 0.6842592592592592 0.06041666666666667 0.08611111111111111
5 0.3145833333333333 0.8143518518518519 0.0953125 0.12407407407407407
5 0.6518229166666667 0.45 0.022916666666666665 0.03518518518518519
5 0.5700520833333333 0.4587962962962963 0.028125 0.03518518518518519
5 0.5864583333333333 0.4912037037037037 0.0296875 0.04259259259259259
4 0.634375 0.40879629629629627 0.027083333333333334 0.05648148148148148
5 0.6151041666666667 0.4041666666666667 0.0171875 0.02962962962962963
5 0.59453125 0.37824074074074077 0.014583333333333334 0.019444444444444445
5 0.6763020833333333 0.36203703703703705 0.008333333333333333 0.01574074074074074
5 0.6640625 0.37407407407407406 0.0140625 0.020370370370370372