3 0.5036458333333333 0.9699074074074074 0.020833333333333332 0.05462962962962963
3 0.56328125 0.3287037037037037 0.03802083333333333 0.03333333333333333
2 0.434375 0.7662037037037037 0.024479166666666666 0.13055555555555556
4 0.5526041666666667 0.24953703703703703 0.030208333333333334 0.075
5 0.70078125 0.30833333333333335 0.030729166666666665 0.044444444444444446
4 0.5078125 0.1875 0.0234375 0.05462962962962963
4 0.6635416666666667 0.16944444444444445 0.019270833333333334 0.03611111111111111
4 0.6268229166666667 0.16111111111111112 0.014583333333333334 0.026851851851851852
3 0.07135416666666666 0.9388888888888889 0.030208333333333334 0.07037037037037037
3 0.21249479166666668 0.7270833333333333 0.018765624999999987 0.052981481481481504
3 0.27817708333333335 0.6211111111111111 0.011036458333333362 0.04710185185185175
3 0.319296875 0.5568425925925926 0.014901041666666615 0.04219444444444439
3 0.356828125 0.4935555555555555 0.010484375000000056 0.03728703703703702
3 0.3855260416666667 0.4425277777777778 0.009385416666666656 0.03728703703703702
3 0.4125729166666667 0.39249074074074075 0.007177083333333319 0.02943518518518515
3 0.4291302083333333 0.3645185185185185 0.006072916666666709 0.02256481481481482
3 0.4429270833333333 0.3468611111111111 0.007177083333333319 0.02060185185185185
3 0.46638541666666666 0.3071203703703704 0.005520833333333286 0.02354629629629625
3 0.4801822916666667 0.2835740740740741 0.004416666666666676 0.017657407407407455
3 0.48880208333333336 0.2745648148148148 0.0039427083333333 0.014518518518518472
3 0.496546875 0.2595462962962963 0.004223958333333281 0.014518518518518472
3 0.5035833333333334 0.252037037037037 0.003098958333333357 0.012518518518518502
3 0.5082291666666666 0.24101851851851852 0.0039427083333333 0.013518518518518539
3 0.5117499999999999 0.23601851851851854 0.003661458333333319 0.012518518518518528
3 0.5149895833333333 0.22750925925925927 0.0039427083333333 0.01050925925925928
3 0.33901041666666665 0.3138518518518518 0.0050677083333333425 0.016018518518518477
3 0.3439375 0.3098518518518518 0.0025364583333332765 0.013018518518518468
3 0.347171875 0.30710185185185185 0.002249999999999967 0.014518518518518472
3 0.34970833333333334 0.3040925925925926 0.004505208333333381 0.014518518518518472
3 0.39771354166666667 0.26379629629629625 0.003098958333333357 0.012009259259259284
3 0.4130625 0.25078703703703703 0.003380208333333338 0.012009259259259284
3 0.41869270833333333 0.24302777777777781 0.0050677083333333425 0.011509259259259212
3 0.42587499999999995 0.23626851851851854 0.004786458333333362 0.011009259259259272
3 0.51865625 0.22389814814814815 0.0029583333333333666 0.012685185185185174
3 0.5222239583333333 0.21662962962962964 0.002437500000000033 0.012379629629629635
4 0.9593281250000001 0.32199074074074074 0.0435937499999999 0.04148148148148144