0 0.3416666666666667 0.5726851851851852 0.07395833333333333 0.07314814814814814
0 0.7135416666666666 0.7555555555555555 0.078125 0.13148148148148148
0 0.5973958333333333 0.5569444444444445 0.051041666666666666 0.07314814814814814
0 0.4947916666666667 0.5175925925925926 0.052083333333333336 0.05740740740740741
0 0.5588541666666667 0.42685185185185187 0.0375 0.040740740740740744
0 0.6838541666666667 0.3962962962962963 0.0265625 0.03425925925925926
1 0.728125 0.38333333333333336 0.0375 0.06666666666666667
0 0.6588541666666666 0.38425925925925924 0.0265625 0.032407407407407406
1 0.7864583333333334 0.3087962962962963 0.030729166666666665 0.06111111111111111
0 0.74375 0.3125 0.0171875 0.022222222222222223
0 0.6953125 0.33287037037037037 0.01875 0.025
0 0.23157291666666666 0.4311111111111111 0.04406770833333334 0.027925925925925896
0 0.32864583333333336 0.39490740740740743 0.0265625 0.030555555555555555
0 0.7328125 0.3037037037037037 0.016145833333333335 0.018518518518518517
0 0.578125 0.7532407407407408 0.09427083333333333 0.1287037037037037
0 0.8088541666666667 0.2726851851851852 0.011458333333333333 0.016666666666666666
0 0.82890625 0.2722222222222222 0.010416666666666666 0.016666666666666666
0 0.5787291666666667 0.7527777777777778 0.09305729166666671 0.12777777777777777
0 0.7950520833333333 0.2712962962962963 0.011458333333333333 0.01574074074074074
1 0.7791666666666667 0.28935185185185186 0.021354166666666667 0.04259259259259259
0 0.77890625 0.2712962962962963 0.013541666666666667 0.013888888888888888
0 0.39765625 0.3819444444444444 0.01875 0.021296296296296296
0 0.7994791666666666 0.25555555555555554 0.008854166666666666 0.012037037037037037
0 0.8096354166666667 0.2490740740740741 0.008854166666666666 0.012962962962962963
2 0.41549479166666664 0.33649074074074076 0.048453124999999986 0.04845370370370374
2 0.243484375 0.3811759259259259 0.06783854166666667 0.05168518518518523
1 0.8247395833333333 0.25525925925925924 0.008723958333333334 0.014185185185185231
0 0.12175520833333335 0.4909166666666667 0.057036458333333345 0.039972222222222235
