1 0.1921875 0.8618055555555556 0.1796875 0.2763888888888889
0 0.711328125 0.8611111111111112 0.0546875 0.1111111111111111
1 0.701171875 0.4097222222222222 0.021875 0.044444444444444446
1 0.7203125 0.49027777777777776 0.03828125 0.08611111111111111
0 0.6765625 0.4270833333333333 0.015625 0.02361111111111111
1 0.68671875 0.38819444444444445 0.0140625 0.02361111111111111
0 0.63515625 0.40902777777777777 0.01328125 0.022222222222222223
0 0.706640625 0.4534722222222222 0.01640625 0.02638888888888889
0 0.633984375 0.3861111111111111 0.0109375 0.015277777777777777
1 0.6051640625 0.41402777777777783 0.025484374999999913 0.048791666666666664
