0 0.7135416666666666 0.7509259259259259 0.07864583333333333 0.12129629629629629
0 0.45286458333333335 0.6458333333333334 0.07552083333333333 0.07777777777777778
0 0.40703125 0.5305555555555556 0.059895833333333336 0.06666666666666667
0 0.62890625 0.47453703703703703 0.042708333333333334 0.04537037037037037
1 0.6377604166666667 0.38796296296296295 0.042708333333333334 0.06851851851851852
0 0.5299479166666666 0.44814814814814813 0.03854166666666667 0.04351851851851852
0 0.6645833333333333 0.36944444444444446 0.023958333333333335 0.028703703703703703
0 0.77421875 0.3337962962962963 0.018229166666666668 0.026851851851851852
0 0.75234375 0.3282407407407407 0.0171875 0.022222222222222223
1 0.8088541666666667 0.2935185185185185 0.0171875 0.03518518518518519
1 0.83046875 0.2657407407407407 0.017708333333333333 0.03148148148148148
0 0.6869791666666667 0.39490740740740743 0.028645833333333332 0.040740740740740744
0 0.7598958333333333 0.30324074074074076 0.0140625 0.016666666666666666
0 0.27708333333333335 0.41574074074074074 0.035416666666666666 0.03425925925925926
0 0.0875 0.48055555555555557 0.057291666666666664 0.04537037037037037
0 0.6854166666666667 0.3384259259259259 0.021354166666666667 0.025925925925925925
0 0.20442708333333334 0.4287037037037037 0.04583333333333333 0.03888888888888889
0 0.7770833333333333 0.27314814814814814 0.009895833333333333 0.012962962962962963
0 0.7989583333333333 0.2824074074074074 0.009895833333333333 0.016666666666666666
0 0.72890625 0.3101851851851852 0.016666666666666666 0.019444444444444445
0 0.7919270833333333 0.2740740740740741 0.009375 0.013888888888888888
0 0.52421875 0.3023148148148148 0.021354166666666667 0.017592592592592594
0 0.8111979166666666 0.2569444444444444 0.009895833333333333 0.01574074074074074
0 0.5783854166666667 0.7527777777777778 0.09479166666666666 0.12685185185185185
