0 0.22135416666666666 0.6546296296296297 0.09270833333333334 0.08981481481481482
0 0.7135416666666666 0.7509259259259259 0.078125 0.12129629629629629
0 0.49270833333333336 0.5888888888888889 0.06510416666666667 0.06759259259259259
0 0.0796875 0.9597222222222223 0.159375 0.08055555555555556
0 0.4153645833333333 0.5282407407407408 0.05520833333333333 0.05555555555555555
1 0.5895833333333333 0.42777777777777776 0.059895833333333336 0.08333333333333333
0 0.5786458333333333 0.7532407407407408 0.0953125 0.12685185185185185
0 0.64140625 0.43842592592592594 0.0359375 0.05092592592592592
0 0.72734375 0.35324074074074074 0.019270833333333334 0.025925925925925925
0 0.759375 0.35185185185185186 0.019270833333333334 0.028703703703703703
0 0.6510416666666666 0.362962962962963 0.025520833333333333 0.03148148148148148
0 0.7432291666666667 0.31805555555555554 0.015625 0.018518518518518517
0 0.8010416666666667 0.3037037037037037 0.018229166666666668 0.03333333333333333
0 0.22369791666666666 0.43657407407407406 0.040625 0.03148148148148148
0 0.30546875 0.39490740740740743 0.0359375 0.02962962962962963
1 0.8263020833333333 0.2675925925925926 0.018229166666666668 0.037037037037037035
0 0.7380208333333333 0.30462962962962964 0.013541666666666667 0.014814814814814815
0 0.18828125 0.4236111111111111 0.028125 0.03611111111111111
0 0.78046875 0.2851851851851852 0.009895833333333333 0.012962962962962963
0 0.08776041666666666 0.48148148148148145 0.058333333333333334 0.044444444444444446
0 0.365625 0.3824074074074074 0.034895833333333334 0.03425925925925926
0 0.703125 0.3282407407407407 0.015625 0.021296296296296296
0 0.7893229166666667 0.29305555555555557 0.011979166666666667 0.016666666666666666
0 0.7869791666666667 0.2662037037037037 0.008854166666666666 0.012037037037037037
0 0.76796875 0.2791666666666667 0.010416666666666666 0.013888888888888888
0 0.1796875 0.425 0.044270833333333336 0.037037037037037035
0 0.80390625 0.2638888888888889 0.009895833333333333 0.013888888888888888
0 0.8395833333333333 0.24814814814814815 0.0078125 0.012962962962962963
0 0.24947916666666667 0.43472222222222223 0.028645833333333332 0.03333333333333333
