3 0.50390625 0.9703703703703703 0.0203125 0.053703703703703705
3 0.5627604166666667 0.3287037037037037 0.03802083333333333 0.03148148148148148
4 0.30494791666666665 0.37222222222222223 0.11302083333333333 0.1925925925925926
4 0.88203125 0.3537037037037037 0.07447916666666667 0.12314814814814815
4 0.4231770833333333 0.2662037037037037 0.0453125 0.09259259259259259
4 0.5528645833333333 0.2513888888888889 0.03229166666666667 0.07685185185185185
4 0.47239583333333335 0.21342592592592594 0.026041666666666668 0.05277777777777778
5 0.6234375 0.21666666666666667 0.018229166666666668 0.028703703703703703
5 0.6216145833333333 0.17453703703703705 0.0140625 0.023148148148148147
5 0.5921875 0.16666666666666666 0.0109375 0.017592592592592594
4 0.5109375 0.1476851851851852 0.0125 0.023148148148148147
3 0.073859375 0.9472314814814815 0.02758333333333333 0.08668518518518509
3 0.21289583333333334 0.7285185185185185 0.02358333333333332 0.07191666666666674
3 0.2796875 0.6200833333333334 0.015682291666666615 0.05741666666666666
3 0.31884375 0.5614722222222223 0.01746354166666665 0.04611111111111107
3 0.3583854166666667 0.49603703703703705 0.01179166666666672 0.03855555555555565
3 0.413109375 0.3966018518518518 0.009119791666666661 0.027824074074074032
3 0.38652604166666665 0.44602777777777775 0.011124999999999947 0.03971296296296295
3 0.44236458333333334 0.34673148148148153 0.00845312500000001 0.028694444444444453
3 0.42990625 0.3700555555555556 0.011124999999999947 0.03740740740740739
3 0.46722395833333336 0.30749074074074073 0.006562499999999953 0.026101851851851904
3 0.47996354166666666 0.2872314814814815 0.004447916666666648 0.025101851851851865