1 0.16223958333333333 0.40324074074074073 0.16822916666666668 0.16296296296296298
1 0.5484375 0.2513888888888889 0.0890625 0.11481481481481481
1 0.6721354166666667 0.42824074074074076 0.15989583333333332 0.2851851851851852
0 0.7546875 0.12824074074074074 0.016666666666666666 0.024074074074074074
0 0.8622395833333333 0.12129629629629629 0.014583333333333334 0.018518518518518517
0 0.7364583333333333 0.1648148148148148 0.026041666666666668 0.03333333333333333
0 0.6752604166666667 0.14907407407407408 0.025 0.028703703703703703
1 0.8885416666666667 0.1037037037037037 0.017708333333333333 0.037037037037037035
0 0.7182291666666667 0.1425925925925926 0.022916666666666665 0.026851851851851852
0 0.8747395833333333 0.09583333333333334 0.009375 0.01574074074074074
0 0.7963541666666667 0.10555555555555556 0.014583333333333334 0.014814814814814815
0 0.81953125 0.11851851851851852 0.011458333333333333 0.016666666666666666
0 0.7997395833333333 0.10833333333333334 0.013020833333333334 0.014814814814814815
1 0.8395833333333333 0.10185185185185185 0.011458333333333333 0.023148148148148147
0 0.81328125 0.1087962962962963 0.0125 0.016666666666666666
