3 0.78671875 0.8578703703703704 0.011979166666666667 0.041666666666666664
3 0.7307291666666667 0.8458333333333333 0.014583333333333334 0.030555555555555555
5 0.709375 0.74425 0.078125 0.12685185185185185
5 0.5354166666666667 0.5546296296296296 0.05260416666666667 0.06296296296296296
5 0.40598958333333335 0.5310185185185186 0.0640625 0.06481481481481481
4 0.12972395833333333 0.7510555555555556 0.1966510416666667 0.22632407407407412
5 0.6924479166666667 0.4398148148148148 0.030729166666666665 0.04537037037037037
5 0.575 0.4148148148148148 0.034375 0.04259259259259259
4 0.76640625 0.34120370370370373 0.027083333333333334 0.05092592592592592
5 0.64921875 0.3958333333333333 0.028125 0.032407407407407406
5 0.5778645833333333 0.7537037037037037 0.09322916666666667 0.12685185185185185
4 0.8067708333333333 0.287962962962963 0.023958333333333335 0.04722222222222222
5 0.7432291666666667 0.3384259259259259 0.018229166666666668 0.024074074074074074
5 0.15208333333333332 0.8777777777777778 0.15572916666666667 0.15648148148148147
5 0.6645833333333333 0.35462962962962963 0.022395833333333334 0.026851851851851852
2 0.7528645833333333 0.8125 0.01875 0.09814814814814815
5 0.22083333333333333 0.45092592592592595 0.034375 0.028703703703703703
5 0.09661458333333334 0.48055555555555557 0.05677083333333333 0.04537037037037037
5 0.7294270833333333 0.32916666666666666 0.016666666666666666 0.018518518518518517
2 0.6315104166666666 0.7537037037037037 0.016145833333333335 0.09537037037037037
5 0.03307291666666667 0.7810185185185186 0.06614583333333333 0.10648148148148148
5 0.76015625 0.28564814814814815 0.013020833333333334 0.013888888888888888
5 0.15104166666666666 0.4486111111111111 0.044270833333333336 0.03611111111111111
5 0.7333333333333333 0.3055555555555556 0.0140625 0.016666666666666666
5 0.7752604166666667 0.28703703703703703 0.013541666666666667 0.017592592592592594
5 0.8223958333333333 0.2601851851851852 0.0109375 0.012962962962962963
5 0.8380208333333333 0.26481481481481484 0.009375 0.012962962962962963
0 0.29270833333333335 0.3763888888888889 0.07291666666666667 0.07222222222222222
2 0.7036770833333333 0.7901203703703704 0.022255208333333342 0.07840740740740747