3 0.26171875 0.6916666666666667 0.0203125 0.019444444444444445
4 0.7 0.40555555555555556 0.02109375 0.041666666666666664
5 0.67578125 0.4215277777777778 0.0140625 0.022222222222222223
4 0.685546875 0.3861111111111111 0.01328125 0.019444444444444445
5 0.633984375 0.4152777777777778 0.0140625 0.025
5 0.634375 0.38819444444444445 0.0109375 0.016666666666666666
4 0.6015937499999999 0.4183888888888889 0.02748437500000005 0.05469444444444444
4 0.7194921875 0.4797638888888889 0.03517968749999998 0.08237500000000009
5 0.7029765625 0.44619444444444445 0.013296874999999986 0.0259305555555555
4 0.59721875 0.3802222222222222 0.01802343749999995 0.026694444444444482
3 0.7579296875 0.4443055555555555 0.00864843749999995 0.01366666666666671
4 0.091375 0.9258888888888889 0.18275 0.14822222222222226
5 0.702640625 0.7578194444444445 0.0498046875 0.06770833333333333
4 0.7954140625000001 0.5 0.03808593750000009 0.017361111111111112