3 0.5036458333333333 0.9703703703703703 0.020833333333333332 0.053703703703703705
3 0.5630208333333333 0.3287037037037037 0.03854166666666667 0.03333333333333333
4 0.5526041666666667 0.25092592592592594 0.030208333333333334 0.075
4 0.6895833333333333 0.21574074074074073 0.026041666666666668 0.05092592592592592
5 0.6424479166666667 0.20185185185185187 0.019270833333333334 0.028703703703703703
4 0.6494791666666667 0.16296296296296298 0.018229166666666668 0.02962962962962963
4 0.50078125 0.17222222222222222 0.019791666666666666 0.041666666666666664
3 0.33880208333333334 0.31413888888888886 0.00831250000000002 0.017833333333333326
3 0.399140625 0.2664074074074074 0.005463541666666671 0.019490740740740697
3 0.4281197916666667 0.23725925925925928 0.004036458333333334 0.01187037037037039
3 0.42048958333333336 0.2445925925925926 0.005999999999999991 0.019166666666666683
3 0.27959375000000003 0.6182222222222222 0.014369791666666624 0.055009259259259334
3 0.21153645833333332 0.728037037037037 0.015916666666666638 0.0643425925925926
3 0.32036458333333334 0.5566296296296296 0.011817708333333362 0.04882407407407409
3 0.35519270833333333 0.4875 0.011401041666666719 0.036435185185185154
3 0.38714583333333336 0.44119444444444444 0.011166666666666695 0.03439814814814813
3 0.41407812499999996 0.39623148148148146 0.008015625000000052 0.03208333333333331
3 0.4312083333333333 0.3647592592592593 0.010807291666666666 0.03249074074074077
3 0.46820833333333334 0.3050833333333333 0.007598958333333291 0.020842592592592583
3 0.44338541666666664 0.34864814814814815 0.010213541666666614 0.026675925925925874
3 0.34777083333333336 0.3078796296296296 0.009979166666666709 0.01693518518518515
3 0.4142395833333333 0.24896296296296297 0.0031718749999999573 0.017842592592592577
3 0.48033333333333333 0.2843611111111111 0.003921874999999986 0.019657407407407426
3 0.48930208333333336 0.27396296296296296 0.004338541666666629 0.01596296296296297
3 0.49677083333333333 0.26090740740740737 0.0035885416666667186 0.016564814814814803
3 0.5036979166666666 0.25378703703703703 0.003921874999999986 0.014787037037037062
3 0.5095833333333333 0.24576851851851853 0.0031718749999999573 0.013009259259259217
4 0.5785364583333333 0.13839814814814816 0.01378125000000002 0.02634259259259258
3 0.079453125 0.943648148148148 0.02924999999999999 0.09990740740740739