3 0.50390625 0.9703703703703703 0.0203125 0.053703703703703705
3 0.5627604166666667 0.3287037037037037 0.03802083333333333 0.03333333333333333
5 0.93515625 0.9023148148148148 0.1296875 0.19444444444444445
4 0.9346354166666667 0.5361111111111111 0.12447916666666667 0.18333333333333332
5 0.24192708333333332 0.48194444444444445 0.06822916666666666 0.08888888888888889
4 0.5533854166666666 0.25046296296296294 0.0328125 0.07777777777777778
4 0.6916666666666667 0.19074074074074074 0.027083333333333334 0.04537037037037037
4 0.60546875 0.14583333333333334 0.019270833333333334 0.03611111111111111
4 0.5104166666666666 0.15555555555555556 0.013541666666666667 0.03148148148148148
4 0.5856770833333333 0.14444444444444443 0.015104166666666667 0.026851851851851852
4 0.6268229166666667 0.14583333333333334 0.03125 0.03981481481481482
4 0.4984375 0.14629629629629629 0.009895833333333333 0.017592592592592594
3 0.07822916666666666 0.9474074074074075 0.06687499999999999 0.1051851851851851
3 0.21177083333333335 0.7376944444444444 0.029791666666666692 0.07093518518518509
3 0.2828125 0.6327222222222223 0.034375 0.09433333333333323
3 0.31479166666666664 0.5516481481481481 0.017083333333333308 0.043287037037037034
3 0.35910416666666667 0.493287037037037 0.03138541666666666 0.07030555555555562
3 0.3900677083333333 0.44500925925925927 0.020125000000000053 0.04882407407407409
3 0.4153333333333334 0.39699074074074076 0.01576562499999999 0.03284259259259262
3 0.427859375 0.36660185185185185 0.015479166666666681 0.039620370370370334
3 0.44361979166666665 0.348962962962963 0.013229166666666714 0.036879629629629665