3 0.50390625 0.9703703703703703 0.0203125 0.053703703703703705
3 0.5625 0.3277777777777778 0.03958333333333333 0.03333333333333333
4 0.26328125 0.4148148148148148 0.1359375 0.2324074074074074
4 0.8572916666666667 0.33240740740740743 0.06614583333333333 0.10648148148148148
4 0.40911458333333334 0.2814814814814815 0.04895833333333333 0.09814814814814815
4 0.465625 0.2212962962962963 0.027604166666666666 0.05462962962962963
4 0.5533854166666666 0.25092592592592594 0.03229166666666667 0.07777777777777778
5 0.6197916666666666 0.20694444444444443 0.0171875 0.027777777777777776
5 0.6177083333333333 0.1712962962962963 0.013020833333333334 0.021296296296296296
5 0.5888020833333333 0.1648148148148148 0.0109375 0.016666666666666666
4 0.9861979166666667 0.6615740740740741 0.027604166666666666 0.23981481481481481
4 0.5114583333333333 0.14722222222222223 0.0125 0.026851851851851852
3 0.07090104166666666 0.9460185185185186 0.04240104166666666 0.08606481481481475
3 0.21169270833333334 0.7256574074074075 0.020984374999999982 0.061046296296296355
3 0.3154427083333333 0.5548796296296297 0.011249999999999953 0.06196296296296303
3 0.28055729166666665 0.6171851851851852 0.017442708333333338 0.041972222222222154
3 0.357640625 0.49630555555555556 0.013270833333333343 0.04375925925925925
3 0.387625 0.4456481481481482 0.013296874999999986 0.04176851851851853
3 0.33770833333333333 0.31749074074074074 0.0059062499999999575 0.022055555555555603
3 0.34826041666666663 0.30830555555555555 0.0036458333333333334 0.01271296296296298
3 0.4155416666666667 0.39087037037037037 0.0081666666666667 0.03698148148148153
3 0.42882291666666666 0.36658333333333337 0.008088541666666652 0.034185185185185145
3 0.4411614583333333 0.3485185185185185 0.006390624999999991 0.025675925925925942
3 0.4665885416666667 0.3084814814814815 0.005453125000000014 0.021481481481481525
3 0.4895625 0.2750648148148148 0.005192708333333348 0.017407407407407365
3 0.481875 0.2866944444444444 0.006437499999999948 0.018518518518518517
3 0.49678125 0.26228703703703704 0.003328125000000052 0.016009259259259227
3 0.5090416666666667 0.2444814814814815 0.0032656249999999903 0.016638888888888915
3 0.5040364583333333 0.25439814814814815 0.004645833333333372 0.017287037037037
3 0.45432812499999997 0.3272777777777778 0.01076041666666671 0.027675925925925913
4 0.5308177083333333 0.13305555555555554 0.012937499999999958 0.017462962962962975
4 0.5929947916666667 0.14701851851851852 0.015859374999999905 0.023370370370370378