0 0.44817708333333334 0.7509259259259259 0.06822916666666666 0.09166666666666666
0 0.5953125 0.5907407407407408 0.043229166666666666 0.06481481481481481
0 0.5802083333333333 0.5125 0.0328125 0.046296296296296294
0 0.5065104166666666 0.5407407407407407 0.0390625 0.053703703703703705
0 0.63125 0.4217592592592593 0.020833333333333332 0.02962962962962963
0 0.6153645833333333 0.40555555555555556 0.019791666666666666 0.025925925925925925
0 0.53515625 0.425462962962963 0.023958333333333335 0.02962962962962963
0 0.6427083333333333 0.37453703703703706 0.0125 0.022222222222222223
1 0.67109375 0.40185185185185185 0.017708333333333333 0.032407407407407406
2 0.6583333333333333 0.3763888888888889 0.0203125 0.03981481481481482
0 0.6708333333333333 0.40185185185185185 0.017708333333333333 0.032407407407407406
0 0.5973958333333333 0.3578703703703704 0.0171875 0.018518518518518517
