1 0.31796875 0.7284722222222222 0.11328125 0.2125
1 0.72890625 0.5138888888888888 0.04609375 0.10277777777777777
0 0.6765625 0.43819444444444444 0.0171875 0.02638888888888889
1 0.702734375 0.4152777777777778 0.02421875 0.05
0 0.708984375 0.4673611111111111 0.01640625 0.027777777777777776
1 0.690234375 0.3902777777777778 0.015625 0.025
0 0.6359375 0.4027777777777778 0.01015625 0.020833333333333332
0 0.6326484375 0.3817083333333333 0.010171874999999986 0.01338888888888887
0 0.6008671875 0.3796111111111111 0.014093749999999971 0.035486111111111045
1 0.594015625 0.35873611111111114 0.011351562499999978 0.02713888888888888
1 0.6081953125 0.40900000000000003 0.022078124999999994 0.04561111111111116
