1 0.54609375 0.5076388888888889 0.0578125 0.1111111111111111
0 0.675390625 0.47847222222222224 0.021875 0.03194444444444444
1 0.566796875 0.4222222222222222 0.03046875 0.06805555555555555
1 0.73828125 0.43472222222222223 0.02890625 0.06527777777777778
1 0.700390625 0.4111111111111111 0.02265625 0.04861111111111111
0 0.60625 0.5083333333333333 0.0265625 0.043055555555555555
0 0.67734375 0.39861111111111114 0.0125 0.018055555555555554
0 0.630859375 0.42430555555555555 0.01328125 0.022222222222222223
0 0.666015625 0.38472222222222224 0.0109375 0.013888888888888888
1 0.5918125 0.35673611111111114 0.011734374999999986 0.03050000000000001
