1 0.486328125 0.4284722222222222 0.05390625 0.1388888888888889
0 0.71875 0.5958333333333333 0.0609375 0.09027777777777778
1 0.40390625 0.4375 0.05546875 0.125
0 0.5578125 0.42291666666666666 0.03671875 0.06111111111111111
0 0.791015625 0.3923611111111111 0.04609375 0.0625
0 0.709765625 0.3770833333333333 0.03828125 0.05555555555555555
0 0.6375 0.35833333333333334 0.03046875 0.04583333333333333
0 0.674609375 0.31875 0.03046875 0.044444444444444446
0 0.701953125 0.27708333333333335 0.03125 0.04861111111111111
0 0.6109375 0.2951388888888889 0.02421875 0.0375
0 0.7296875 0.3125 0.03203125 0.044444444444444446
1 0.409375 0.17847222222222223 0.01796875 0.034722222222222224
0 0.497265625 0.26666666666666666 0.01875 0.030555555555555555
0 0.596875 0.2388888888888889 0.01796875 0.02638888888888889
1 0.6546875 0.22361111111111112 0.03203125 0.04583333333333333
0 0.50078125 0.22916666666666666 0.015625 0.022222222222222223
0 0.503125 0.30069444444444443 0.02109375 0.044444444444444446
1 0.3453125 0.16527777777777777 0.0171875 0.02638888888888889
0 0.6765625 0.24583333333333332 0.021875 0.034722222222222224
0 0.625390625 0.20694444444444443 0.01953125 0.030555555555555555
1 0.54609375 0.18333333333333332 0.0296875 0.05138888888888889
0 0.4543984375 0.2046111111111111 0.01328125 0.020833333333333332
0 0.3796875 0.17152777777777778 0.01171875 0.013888888888888888
1 0.4501953125 0.16319444444444445 0.017578125 0.034722222222222224
1 0.3361953125 0.14123611111111112 0.015773437500000043 0.020777777777777787
1 0.30582031249999997 0.15577777777777777 0.018109374999999962 0.01661111111111112
0 0.554765625 0.23387499999999997 0.013343749999999942 0.019930555555555587
0 0.51046875 0.196875 0.013343749999999942 0.012333333333333326
0 0.4957890625 0.19923611111111109 0.012804687500000078 0.015180555555555565
