1 0.4161458333333333 0.5527777777777778 0.10052083333333334 0.13333333333333333
0 0.7135416666666666 0.7518518518518519 0.078125 0.12222222222222222
0 0.6510416666666666 0.43287037037037035 0.03229166666666667 0.040740740740740744
0 0.5479166666666667 0.4356481481481482 0.04010416666666667 0.046296296296296294
0 0.72578125 0.3962962962962963 0.025 0.037037037037037035
1 0.7825520833333334 0.32314814814814813 0.0234375 0.04259259259259259
0 0.6986979166666667 0.35462962962962963 0.021354166666666667 0.027777777777777776
1 0.8161458333333333 0.27870370370370373 0.022395833333333334 0.04259259259259259
0 0.75546875 0.3055555555555556 0.013541666666666667 0.016666666666666666
0 0.07864583333333333 0.48055555555555557 0.05625 0.044444444444444446
0 0.7661458333333333 0.3148148148148148 0.015625 0.019444444444444445
0 0.7018229166666666 0.3282407407407407 0.01875 0.022222222222222223
2 0.16510416666666666 0.41944444444444445 0.109375 0.0962962962962963
0 0.5783854166666667 0.7537037037037037 0.09427083333333333 0.12685185185185185
0 0.7885416666666667 0.2759259259259259 0.0109375 0.01574074074074074
2 0.16486458333333334 0.41925 0.109375 0.09537037037037037
0 0.7721354166666666 0.2763888888888889 0.009895833333333333 0.012962962962962963
1 0.4747395833333333 0.5902777777777778 0.06875 0.0824074074074074
0 0.8299479166666667 0.25555555555555554 0.0078125 0.011111111111111112
0 0.4744791666666667 0.5898148148148148 0.06822916666666666 0.0824074074074074
0 0.5783854166666667 0.7532407407407408 0.09427083333333333 0.12685185185185185
0 0.7489583333333333 0.29212962962962963 0.011979166666666667 0.01574074074074074
0 0.30619270833333334 0.40425 0.04218229166666667 0.03468518518518522
0 0.6441302083333333 0.3680277777777778 0.025651041666666666 0.029675925925925883
