0 0.29791666666666666 0.6050925925925926 0.0796875 0.06944444444444445
0 0.5544270833333333 0.5166666666666667 0.046875 0.05555555555555555
0 0.49505208333333334 0.5111111111111111 0.05 0.05185185185185185
0 0.37421875 0.8166666666666667 0.10416666666666667 0.12962962962962962
1 0.6565104166666667 0.45925925925925926 0.05572916666666667 0.09074074074074075
1 0.7559895833333333 0.34120370370370373 0.040625 0.07222222222222222
0 0.7125 0.7560185185185185 0.08020833333333334 0.13055555555555556
0 0.6309895833333333 0.37777777777777777 0.025520833333333333 0.032407407407407406
0 0.35104166666666664 0.4013888888888889 0.03854166666666667 0.03425925925925926
0 0.78984375 0.2902777777777778 0.013541666666666667 0.017592592592592594
0 0.6908854166666667 0.35555555555555557 0.0234375 0.02962962962962963
0 0.7768229166666667 0.2861111111111111 0.013020833333333334 0.017592592592592594
1 0.7390625 0.325 0.03229166666666667 0.053703703703703705
0 0.7567708333333333 0.28425925925925927 0.014583333333333334 0.016666666666666666
0 0.8380208333333333 0.2574074074074074 0.008854166666666666 0.012962962962962963
0 0.69609375 0.33101851851851855 0.019270833333333334 0.023148148148148147
0 0.79453125 0.274537037037037 0.011458333333333333 0.014814814814814815
0 0.5765416666666667 0.753712962962963 0.09322916666666667 0.12777777777777777
0 0.83046875 0.2537037037037037 0.0067708333333333336 0.011111111111111112
0 0.28098958333333335 0.4111111111111111 0.0359375 0.032407407407407406
1 0.8184895833333333 0.2824074074074074 0.011979166666666667 0.023148148148148147
2 0.3848958333333333 0.3435185185185185 0.046875 0.05185185185185185
0 0.7989583333333333 0.2569444444444444 0.009375 0.012962962962962963
0 0.8075520833333333 0.26481481481481484 0.010416666666666666 0.013888888888888888
0 0.7873333333333333 0.26195370370370374 0.010416666666666666 0.014814814814814815
