0 0.7682291666666666 0.4375 0.0546875 0.08148148148148149
0 0.6513020833333333 0.30694444444444446 0.029166666666666667 0.04259259259259259
1 0.5528645833333333 0.25046296296296294 0.03125 0.075
1 0.4796875 0.19583333333333333 0.0265625 0.05925925925925926
1 0.49973958333333335 0.17546296296296296 0.0171875 0.03981481481481482
0 0.6080729166666666 0.1648148148148148 0.0125 0.017592592592592594
1 0.5104166666666666 0.16342592592592592 0.011979166666666667 0.025
1 0.6276041666666666 0.1537037037037037 0.014583333333333334 0.024074074074074074
2 0.45564583333333336 0.327712962962963 0.014046875000000014 0.035981481481481496
1 0.648109375 0.17776851851851852 0.016390624999999895 0.02742592592592593
