3 0.50390625 0.9703703703703703 0.0203125 0.053703703703703705
3 0.5630208333333333 0.32731481481481484 0.0375 0.03425925925925926
4 0.7158854166666667 0.24768518518518517 0.033854166666666664 0.062037037037037036
4 0.5528645833333333 0.25092592592592594 0.03125 0.075
5 0.6625 0.2337962962962963 0.0234375 0.03518518518518519
4 0.6588541666666666 0.16898148148148148 0.021354166666666667 0.03425925925925926
4 0.5057291666666667 0.16435185185185186 0.019270833333333334 0.04351851851851852
4 0.5856770833333333 0.1412037037037037 0.0171875 0.03148148148148148
3 0.07197916666666666 0.9453518518518519 0.03770833333333333 0.08996296296296294
3 0.21177083333333335 0.7340185185185185 0.02312499999999999 0.07396296296296306
3 0.2782291666666667 0.6180740740740741 0.02520833333333335 0.06875
3 0.31958333333333333 0.5626944444444445 0.022500000000000023 0.05799074074074084
3 0.3592708333333333 0.4925 0.016458333333333287 0.04723148148148147
3 0.38697916666666665 0.4393425925925926 0.017708333333333333 0.04091666666666672
3 0.4115625 0.39693518518518517 0.016875000000000046 0.039787037037037065
3 0.43080729166666665 0.3700555555555556 0.01026562500000002 0.02861111111111109
3 0.44283854166666664 0.34780555555555553 0.011869791666666648 0.03354629629629631
3 0.4663125 0.3098611111111111 0.008557291666666699 0.024212962962962943
3 0.4805364583333333 0.2875185185185185 0.00919791666666671 0.023259259259259264
3 0.4875416666666667 0.2747777777777778 0.011442708333333348 0.02439814814814817
3 0.4966875 0.2619444444444444 0.0094114583333333 0.01963888888888892
3 0.503890625 0.253212962962963 0.005343749999999995 0.018796296296296255
3 0.509046875 0.24470370370370367 0.005437500000000028 0.015842592592592606
3 0.33859375 0.31830555555555556 0.0068489583333333805 0.021444444444444415
3 0.39772395833333335 0.2629351851851852 0.005234374999999976 0.019425925925925944