3 0.7088541666666667 0.46574074074074073 0.026041666666666668 0.012962962962962963
4 0.84921875 0.2 0.053125 0.10555555555555556
5 0.3645833333333333 0.2949074074074074 0.07239583333333334 0.06018518518518518
4 0.60546875 0.19768518518518519 0.05 0.07222222222222222
4 0.72109375 0.16203703703703703 0.041666666666666664 0.062037037037037036
5 0.7458333333333333 0.12314814814814815 0.016145833333333335 0.019444444444444445
5 0.7893229166666667 0.13425925925925927 0.017708333333333333 0.022222222222222223
4 0.88828125 0.09953703703703703 0.015104166666666667 0.030555555555555555
5 0.7721354166666666 0.12083333333333333 0.014583333333333334 0.019444444444444445
5 0.7893229166666667 0.11342592592592593 0.014583333333333334 0.017592592592592594
5 0.8690104166666667 0.1111111111111111 0.011458333333333333 0.01574074074074074
4 0.84375 0.09583333333333334 0.0109375 0.020370370370370372
5 0.8122395833333333 0.09953703703703703 0.011979166666666667 0.014814814814814815
5 0.8763020833333334 0.09027777777777778 0.008854166666666666 0.01574074074074074
5 0.8325520833333333 0.10740740740740741 0.011458333333333333 0.01574074074074074