3 0.43828125 0.8319444444444445 0.0390625 0.05462962962962963
4 0.17942708333333332 0.39490740740740743 0.16041666666666668 0.16111111111111112
4 0.5546875 0.24953703703703703 0.0890625 0.11481481481481481
4 0.68125 0.41759259259259257 0.1546875 0.27685185185185185
5 0.8622395833333333 0.12083333333333333 0.0140625 0.019444444444444445
5 0.7552083333333334 0.12777777777777777 0.016666666666666666 0.024074074074074074
5 0.6768229166666667 0.14814814814814814 0.025520833333333333 0.027777777777777776
4 0.8885416666666667 0.1037037037037037 0.017708333333333333 0.037037037037037035
5 0.7192708333333333 0.1425925925925926 0.020833333333333332 0.025925925925925925
5 0.7375 0.1638888888888889 0.025 0.03333333333333333
5 0.8747395833333333 0.0962962962962963 0.009375 0.016666666666666666
5 0.7971354166666667 0.10601851851851851 0.015104166666666667 0.014814814814814815
5 0.8 0.10833333333333334 0.015104166666666667 0.014814814814814815
4 0.83984375 0.10138888888888889 0.011979166666666667 0.024074074074074074
5 0.8145833333333333 0.1087962962962963 0.014583333333333334 0.017592592592592594