0 0.4473958333333333 0.7717592592592593 0.0765625 0.10648148148148148
1 0.08072916666666667 0.6828703703703703 0.1609375 0.23796296296296296
0 0.5692708333333333 0.5189814814814815 0.03333333333333333 0.046296296296296294
0 0.5546875 0.4777777777777778 0.029166666666666667 0.040740740740740744
0 0.19973958333333333 0.9449074074074074 0.14114583333333333 0.11018518518518519
0 0.6455729166666667 0.4671296296296296 0.025520833333333333 0.03981481481481482
1 0.62578125 0.4138055555555556 0.028645833333333332 0.042916666666666686
0 0.6059895833333333 0.4166666666666667 0.0171875 0.027777777777777776
0 0.6611979166666667 0.37083333333333335 0.01875 0.03888888888888889
0 0.6486979166666667 0.3685185185185185 0.0109375 0.017592592592592594
0 0.6026041666666667 0.3699074074074074 0.013020833333333334 0.018518518518518517
0 0.6225625 0.4527407407407407 0.020140625000000037 0.02459259259259254
