3 0.68359375 0.5064814814814815 0.025520833333333333 0.011111111111111112
5 0.20651041666666667 0.3648148148148148 0.103125 0.07592592592592592
4 0.8302083333333333 0.22870370370370371 0.0640625 0.1259259259259259
4 0.5471354166666667 0.22407407407407406 0.06354166666666666 0.08425925925925926
4 0.6934895833333333 0.17731481481481481 0.046875 0.06851851851851852
5 0.7614583333333333 0.12546296296296297 0.015104166666666667 0.020370370370370372
4 0.88828125 0.09953703703703703 0.016145833333333335 0.03425925925925926
5 0.7786458333333334 0.14027777777777778 0.017708333333333333 0.024074074074074074
5 0.7833333333333333 0.11574074074074074 0.0140625 0.019444444444444445
5 0.8677083333333333 0.11296296296296296 0.0125 0.017592592592592594
5 0.8098958333333334 0.09907407407407408 0.011979166666666667 0.016666666666666666
5 0.73203125 0.1287037037037037 0.0171875 0.021296296296296296