3 0.7302083333333333 0.8462962962962963 0.013541666666666667 0.03148148148148148
3 0.7864583333333334 0.8587962962962963 0.013541666666666667 0.04351851851851852
4 0.28515625 0.8490740740740741 0.19635416666666666 0.26296296296296295
4 0.6544270833333333 0.44907407407407407 0.08385416666666666 0.13333333333333333
5 0.37447916666666664 0.5541666666666667 0.06041666666666667 0.062037037037037036
5 0.47265625 0.5231481481481481 0.05572916666666667 0.06296296296296296
4 0.6046875 0.4287037037037037 0.075 0.10185185185185185
5 0.7333333333333333 0.3416666666666667 0.020833333333333332 0.025925925925925925
5 0.578125 0.7527777777777778 0.09375 0.1259259259259259
5 0.7119791666666667 0.7537037037037037 0.08125 0.13148148148148148
5 0.7033854166666667 0.3194444444444444 0.018229166666666668 0.022222222222222223
5 0.7611979166666667 0.29953703703703705 0.013020833333333334 0.017592592592592594
2 0.7526041666666666 0.8125 0.01875 0.09351851851851851
5 0.7942708333333334 0.30972222222222223 0.014583333333333334 0.030555555555555555
5 0.73515625 0.3199074074074074 0.018229166666666668 0.023148148148148147
5 0.8205729166666667 0.27546296296296297 0.009895833333333333 0.013888888888888888
5 0.7765625 0.26990740740740743 0.008333333333333333 0.013888888888888888
5 0.32734375 0.3972222222222222 0.0296875 0.025925925925925925
5 0.80625 0.27175925925925926 0.011458333333333333 0.013888888888888888
5 0.8049479166666667 0.26990740740740743 0.011979166666666667 0.01574074074074074
5 0.7971354166666667 0.2833333333333333 0.013020833333333334 0.018518518518518517
5 0.8302083333333333 0.25462962962962965 0.005208333333333333 0.012962962962962963
5 0.7627604166666667 0.2828703703703704 0.013020833333333334 0.01574074074074074
5 0.8028645833333333 0.25462962962962965 0.008854166666666666 0.011111111111111112
5 0.7854166666666667 0.2657407407407407 0.008333333333333333 0.012962962962962963
5 0.7934895833333333 0.26851851851851855 0.009895833333333333 0.012962962962962963
5 0.8200520833333333 0.262037037037037 0.008854166666666666 0.012962962962962963
5 0.8109375 0.24675925925925926 0.007291666666666667 0.010185185185185186
5 0.8221354166666667 0.2490740740740741 0.008854166666666666 0.011111111111111112
5 0.18854166666666666 0.462037037037037 0.05520833333333333 0.03518518518518519
5 0.23359375 0.4263888888888889 0.044270833333333336 0.04722222222222222
5 0.2 0.4300925925925926 0.035416666666666666 0.032407407407407406
5 0.7765625 0.2861111111111111 0.011458333333333333 0.014814814814814815
5 0.8377604166666667 0.25601851851851853 0.0109375 0.025