3 0.375 0.8851851851851852 0.04375 0.06666666666666667
4 0.12005208333333334 0.42407407407407405 0.1796875 0.17037037037037037
4 0.5356770833333333 0.2587962962962963 0.0921875 0.1175925925925926
4 0.6533854166666667 0.4527777777777778 0.17239583333333333 0.30925925925925923
5 0.7526041666666666 0.12916666666666668 0.01875 0.023148148148148147
4 0.8880208333333334 0.10416666666666667 0.017708333333333333 0.03611111111111111
5 0.86171875 0.12175925925925926 0.015104166666666667 0.019444444444444445
5 0.7325520833333333 0.16620370370370371 0.0265625 0.032407407407407406
5 0.7151041666666667 0.1439814814814815 0.020833333333333332 0.025
5 0.6713541666666667 0.15185185185185185 0.026041666666666668 0.027777777777777776
4 0.8395833333333333 0.10138888888888889 0.011458333333333333 0.023148148148148147
5 0.875 0.0962962962962963 0.009375 0.016666666666666666
5 0.79296875 0.10555555555555556 0.009895833333333333 0.012962962962962963
5 0.8005208333333333 0.10925925925925926 0.009375 0.012962962962962963
5 0.8104166666666667 0.11064814814814815 0.009375 0.013888888888888888
5 0.8192708333333333 0.11944444444444445 0.008333333333333333 0.012962962962962963