0 0.7135416666666666 0.7550925925925925 0.07864583333333333 0.12962962962962962
0 0.42604166666666665 0.5157407407407407 0.058333333333333334 0.06111111111111111
0 0.54765625 0.475462962962963 0.04375 0.049074074074074076
0 0.628125 0.5194444444444445 0.04375 0.062037037037037036
0 0.16822916666666668 0.4532407407407407 0.0546875 0.041666666666666664
0 0.028125 0.825925925925926 0.05625 0.13518518518518519
0 0.703125 0.37777777777777777 0.023958333333333335 0.03148148148148148
1 0.7403645833333333 0.37037037037037035 0.035416666666666666 0.06296296296296296
1 0.7919270833333333 0.30277777777777776 0.029166666666666667 0.053703703703703705
0 0.6815104166666667 0.36666666666666664 0.022916666666666665 0.026851851851851852
0 0.5934895833333333 0.40370370370370373 0.03177083333333333 0.03333333333333333
2 0.19739583333333333 0.399537037037037 0.07760416666666667 0.06851851851851852
0 0.29192708333333334 0.4101851851851852 0.035416666666666666 0.03518518518518519
0 0.7390625 0.29907407407407405 0.0125 0.01574074074074074
0 0.7526041666666666 0.30462962962962964 0.014583333333333334 0.021296296296296296
0 0.70625 0.324537037037037 0.016666666666666666 0.022222222222222223
0 0.5778645833333333 0.7532407407407408 0.09375 0.12777777777777777
0 0.029947916666666668 0.524537037037037 0.058854166666666666 0.04259259259259259
0 0.8125 0.26944444444444443 0.011458333333333333 0.014814814814814815
0 0.30911458333333336 0.38796296296296295 0.0296875 0.030555555555555555
0 0.7986979166666667 0.26944444444444443 0.008333333333333333 0.014814814814814815
0 0.83125 0.26805555555555555 0.010416666666666666 0.018518518518518517
0 0.8385416666666666 0.24305555555555555 0.00625 0.011111111111111112
0 0.8033854166666666 0.2523148148148148 0.008333333333333333 0.011111111111111112
0 0.8106770833333333 0.24814814814814815 0.008333333333333333 0.012037037037037037
0 0.7817708333333333 0.27037037037037037 0.011458333333333333 0.013888888888888888
0 0.8450520833333334 0.24675925925925926 0.008854166666666666 0.011111111111111112
