0 0.31223958333333335 0.3189814814814815 0.08125 0.06296296296296296
1 0.8432291666666667 0.20787037037037037 0.058333333333333334 0.11574074074074074
1 0.7111979166666667 0.1675925925925926 0.041666666666666664 0.06388888888888888
1 0.58671875 0.20555555555555555 0.05625 0.0787037037037037
0 0.78515625 0.13703703703703704 0.0171875 0.023148148148148147
0 0.74140625 0.12407407407407407 0.017708333333333333 0.021296296296296296
0 0.76796875 0.12268518518518519 0.0140625 0.017592592592592594
0 0.8684895833333334 0.11018518518518519 0.0109375 0.016666666666666666
1 0.88828125 0.09907407407407408 0.015104166666666667 0.03148148148148148
0 0.7877604166666666 0.11435185185185186 0.014583333333333334 0.017592592592592594
0 0.8084218750000001 0.09682407407407406 0.005911458333333286 0.007537037037037024
1 0.8434895833333333 0.0962962962962963 0.011458333333333333 0.022222222222222223
0 0.8317708333333333 0.10972222222222222 0.011458333333333333 0.014814814814814815
0 0.8226041666666667 0.10571296296296297 0.008567708333333238 0.011129629629629639
0 0.8758072916666666 0.09253703703703703 0.007578125000000094 0.011712962962962968
0 0.86065625 0.08258333333333333 0.004281249999999895 0.007027777777777781
0 0.853734375 0.08082407407407408 0.00494270833333322 0.00820370370370369
0 0.8395677083333334 0.08550925925925926 0.004281249999999895 0.008203703703703717
0 0.8338072916666667 0.08961111111111111 0.006588541666666714 0.009370370370370374
0 0.8226041666666667 0.09136111111111112 0.006588541666666714 0.00820370370370369
0 0.8146979166666667 0.10307407407407407 0.007906249999999915 0.010546296296296285
1 0.8777083333333333 0.07573148148148148 0.006151041666666638 0.010148148148148156
1 0.8824270833333333 0.07632407407407409 0.004171875000000114 0.00819444444444444
