3 0.7916666666666666 0.3768518518518518 0.017708333333333333 0.012962962962962963
5 0.6684895833333333 0.5259259259259259 0.109375 0.14166666666666666
4 0.8674479166666667 0.19768518518518519 0.04583333333333333 0.09814814814814815
5 0.5268229166666667 0.2273148148148148 0.04479166666666667 0.044444444444444446
5 0.5927083333333333 0.1837962962962963 0.03333333333333333 0.03148148148148148
4 0.8799479166666667 0.12175925925925926 0.024479166666666666 0.05092592592592592
4 0.8135416666666667 0.11481481481481481 0.022916666666666665 0.037037037037037035
5 0.7104166666666667 0.14074074074074075 0.019270833333333334 0.021296296296296296
4 0.77421875 0.12407407407407407 0.019270833333333334 0.03148148148148148
5 0.65078125 0.38981481481481484 0.0796875 0.08518518518518518
5 0.65078125 0.38935185185185184 0.0796875 0.08518518518518518
4 0.8861979166666667 0.09166666666666666 0.013020833333333334 0.023148148148148147