3 0.7864583333333334 0.8583333333333333 0.0125 0.040740740740740744
3 0.7307291666666667 0.8467592592592592 0.013541666666666667 0.030555555555555555
5 0.7135416666666666 0.7532407407407408 0.07864583333333333 0.125
5 0.3140625 0.5953703703703703 0.08072916666666667 0.07685185185185185
5 0.4484375 0.6467592592592593 0.071875 0.08425925925925926
5 0.675 0.462037037037037 0.034375 0.049074074074074076
5 0.17604166666666668 0.4527777777777778 0.052083333333333336 0.04259259259259259
5 0.62265625 0.41712962962962963 0.030729166666666665 0.03611111111111111
5 0.5369791666666667 0.44074074074074077 0.04114583333333333 0.04814814814814815
4 0.7596354166666667 0.35 0.030208333333333334 0.05462962962962963
5 0.64453125 0.3680555555555556 0.023958333333333335 0.028703703703703703
4 0.8020833333333334 0.2912037037037037 0.0265625 0.05092592592592592
2 0.6393229166666666 0.7587962962962963 0.0203125 0.10092592592592593
5 0.7169270833333333 0.3384259259259259 0.019791666666666666 0.024074074074074074
2 0.7528645833333333 0.8125 0.01875 0.09722222222222222
0 0.08411458333333334 0.4324074074074074 0.09375 0.0787037037037037
5 0.21145833333333333 0.42685185185185187 0.03802083333333333 0.03333333333333333
5 0.30390625 0.40370370370370373 0.03333333333333333 0.02962962962962963
5 0.73203125 0.35 0.0203125 0.027777777777777776
4 0.578125 0.7532407407407408 0.09322916666666667 0.12685185185185185
5 0.7536458333333333 0.28888888888888886 0.013020833333333334 0.01574074074074074
5 0.2877604166666667 0.4212962962962963 0.033854166666666664 0.030555555555555555
5 0.72578125 0.3106481481481482 0.015104166666666667 0.018518518518518517
5 0.7684895833333333 0.29259259259259257 0.015104166666666667 0.019444444444444445
5 0.8197916666666667 0.26296296296296295 0.009895833333333333 0.013888888888888888
5 0.019791666666666666 0.8981481481481481 0.03958333333333333 0.2037037037037037
5 0.5778645833333333 0.7537037037037037 0.09322916666666667 0.12777777777777777
5 0.8354166666666667 0.26481481481481484 0.008854166666666666 0.014814814814814815
4 0.01953125 0.8976851851851851 0.0390625 0.20462962962962963
5 0.28359375 0.42268518518518516 0.04114583333333333 0.03518518518518519
5 0.8150677083333334 0.25758333333333333 0.008260416666666734 0.009601851851851856
5 0.8075520833333333 0.24768518518518517 0.00625 0.011111111111111112