1 0.561328125 0.48125 0.0484375 0.09305555555555556
0 0.675 0.5027777777777778 0.0234375 0.034722222222222224
0 0.614453125 0.4791666666666667 0.021875 0.0375
1 0.744140625 0.4513888888888889 0.03125 0.06527777777777778
1 0.576171875 0.4131944444444444 0.02890625 0.058333333333333334
1 0.702734375 0.4201388888888889 0.0234375 0.05277777777777778
0 0.683203125 0.40625 0.01328125 0.018055555555555554
0 0.66953125 0.3888888888888889 0.01171875 0.016666666666666666
0 0.63203125 0.4152777777777778 0.0140625 0.022222222222222223
1 0.6953125 0.38333333333333336 0.01640625 0.03194444444444444
1 0.6030390625 0.3667083333333333 0.015656249999999972 0.03177777777777777
