3 0.5036458333333333 0.9703703703703703 0.020833333333333332 0.053703703703703705
3 0.5625 0.3282407407407407 0.03854166666666667 0.032407407407407406
5 0.7020833333333333 0.5064814814814815 0.053125 0.08055555555555556
4 0.4427083333333333 0.2351851851851852 0.04010416666666667 0.08518518518518518
4 0.5528645833333333 0.24953703703703703 0.030208333333333334 0.075
5 0.6184895833333334 0.20092592592592592 0.015104166666666667 0.024074074074074074
5 0.6625 0.22916666666666666 0.021354166666666667 0.03148148148148148
4 0.48020833333333335 0.19953703703703704 0.025520833333333333 0.053703703703703705
4 0.5028645833333333 0.1787037037037037 0.015625 0.03148148148148148
3 0.07590625000000001 0.9489814814814815 0.02699479166666666 0.08703703703703704
3 0.21200520833333333 0.7243796296296297 0.01646875 0.05757407407407413
3 0.28280208333333334 0.6183981481481482 0.01820833333333335 0.05413888888888892
3 0.35809895833333333 0.49658333333333327 0.010895833333333372 0.04312037037037031
3 0.33965104166666665 0.3202962962962963 0.00834374999999999 0.024731481481481514
3 0.38517708333333334 0.4381111111111111 0.015421874999999948 0.04381481481481486
3 0.42995833333333333 0.3666111111111111 0.012625000000000004 0.03722222222222227
3 0.4152135416666667 0.3983333333333333 0.01157812500000001 0.0338333333333333
3 0.4439166666666667 0.34887037037037033 0.010062499999999967 0.02882407407407407
3 0.452734375 0.3271111111111111 0.008874999999999982 0.03275
3 0.46831249999999996 0.3095648148148148 0.008057291666666681 0.024277777777777804
3 0.3500833333333333 0.3083796296296296 0.007890625000000047 0.017990740740740696
3 0.39753125 0.2617037037037037 0.0024843749999999905 0.013805555555555526
3 0.4049166666666667 0.25823148148148145 0.002072916666666676 0.01624999999999996
3 0.414015625 0.24996296296296294 0.0024479166666666902 0.016722222222222173
3 0.4807552083333333 0.28530555555555553 0.005260416666666619 0.017601851851851844
3 0.5044062500000001 0.25181481481481477 0.004390625000000033 0.01631481481481482
3 0.49841145833333333 0.26392592592592595 0.006255208333333329 0.0205925925925926
3 0.49006249999999996 0.2742685185185185 0.006057291666666724 0.020166666666666642
3 0.5086145833333333 0.24157407407407405 0.0035729166666666145 0.01578703703703702
3 0.5128125 0.2365462962962963 0.004041666666666662 0.011592592592592602
3 0.5150052083333333 0.2272037037037037 0.0028229166666667044 0.014472222222222218
4 0.6251041666666667 0.15916666666666668 0.012093749999999896 0.02631481481481483
4 0.6106197916666667 0.14940740740740743 0.011864583333333437 0.021814814814814818
4 0.5512708333333334 0.13854629629629628 0.014864583333333315 0.016629629629629612
5 0.5829583333333334 0.1510277777777778 0.00880208333333338 0.011842592592592611
4 0.498046875 0.14324074074074072 0.010281250000000004 0.017768518518518517