1 0.5503697916666667 0.5552962962962963 0.13006770833333334 0.21126851851851852
0 0.5778645833333333 0.7541666666666667 0.09375 0.12685185185185185
1 0.4552083333333333 0.538425925925926 0.11614583333333334 0.15925925925925927
0 0.0578125 0.7782407407407408 0.115625 0.11203703703703703
0 0.7122395833333334 0.7564814814814815 0.08072916666666667 0.13148148148148148
1 0.7796875 0.32546296296296295 0.01875 0.03888888888888889
0 0.6869791666666667 0.3763888888888889 0.029166666666666667 0.03611111111111111
0 0.81171875 0.2861111111111111 0.011979166666666667 0.017592592592592594
0 0.7440104166666667 0.3143518518518518 0.016666666666666666 0.020370370370370372
0 0.7091145833333333 0.3416666666666667 0.021875 0.026851851851851852
0 0.7643229166666666 0.29814814814814816 0.0125 0.016666666666666666
1 0.83359375 0.26064814814814813 0.013020833333333334 0.025
0 0.8127604166666667 0.26990740740740743 0.008854166666666666 0.012037037037037037
0 0.78828125 0.2902777777777778 0.015104166666666667 0.024074074074074074
0 0.19453125 0.7393518518518518 0.11666666666666667 0.11296296296296296
0 0.79609375 0.2708333333333333 0.009375 0.012962962962962963
0 0.6708333333333333 0.3425925925925926 0.020833333333333332 0.028703703703703703
0 0.7481770833333333 0.29305555555555557 0.0125 0.016666666666666666
0 0.76640625 0.28055555555555556 0.011979166666666667 0.013888888888888888
0 0.819328125 0.25416666666666665 0.008854166666666666 0.012037037037037037
