3 0.5036458333333333 0.9699074074074074 0.020833333333333332 0.05277777777777778
3 0.5630208333333333 0.32916666666666666 0.0375 0.032407407407407406
4 0.9526041666666667 0.5962962962962963 0.09479166666666666 0.2074074074074074
5 0.27395833333333336 0.44722222222222224 0.059895833333333336 0.0787037037037037
4 0.5533854166666666 0.25046296296296294 0.0328125 0.07777777777777778
4 0.6942708333333333 0.19305555555555556 0.027604166666666666 0.04537037037037037
4 0.6072916666666667 0.14629629629629629 0.0203125 0.037037037037037035
4 0.5104166666666666 0.1550925925925926 0.013541666666666667 0.03148148148148148
4 0.4981770833333333 0.14629629629629629 0.009895833333333333 0.017592592592592594
3 0.07499479166666667 0.9508703703703704 0.03442187500000001 0.09641666666666676
3 0.21022916666666666 0.7256296296296296 0.02213020833333334 0.07650000000000011
3 0.2796927083333333 0.6190740740740741 0.023359374999999953 0.06447222222222211
3 0.31810937499999997 0.5562407407407407 0.015369791666666662 0.05463888888888888
3 0.35683333333333334 0.49527777777777776 0.015651041666666643 0.038805555555555635
3 0.38525 0.44292592592592595 0.01317708333333331 0.03440740740740738
3 0.41428125 0.39387962962962964 0.010708333333333304 0.03660185185185183
3 0.429625 0.3660555555555555 0.010911458333333356 0.03440740740740738
3 0.44259375 0.34519444444444447 0.009677083333333296 0.030750000000000034
3 0.46761458333333333 0.3071203703703704 0.007822916666666657 0.022694444444444437
3 0.48171875 0.2864351851851852 0.006385416666666662 0.022333333333333337