0 0.5171875 0.6134259259259259 0.04479166666666667 0.06018518518518518
0 0.35442708333333334 0.9444444444444444 0.1171875 0.1111111111111111
0 0.6265625 0.5060185185185185 0.030729166666666665 0.04351851851851852
0 0.6046875 0.46944444444444444 0.023958333333333335 0.03611111111111111
0 0.5510416666666667 0.48518518518518516 0.0265625 0.03981481481481482
0 0.4903645833333333 0.4666666666666667 0.026041666666666668 0.03611111111111111
0 0.18359375 0.9583333333333334 0.13645833333333332 0.08333333333333333
0 0.6455729166666667 0.4 0.0171875 0.025925925925925925
0 0.6299479166666667 0.38842592592592595 0.018229166666666668 0.022222222222222223
0 0.6640625 0.37407407407407406 0.013020833333333334 0.016666666666666666
0 0.6541666666666667 0.36203703703703705 0.010416666666666666 0.016666666666666666
