1 0.3734375 0.30324074074074076 0.10208333333333333 0.1175925925925926
1 0.7651041666666667 0.31203703703703706 0.10208333333333333 0.1925925925925926
1 0.6223958333333334 0.21435185185185185 0.06510416666666667 0.09351851851851851
0 0.7559895833333333 0.15416666666666667 0.022395833333333334 0.026851851851851852
1 0.88828125 0.10231481481481482 0.016666666666666666 0.03425925925925926
0 0.7018229166666666 0.1398148148148148 0.021354166666666667 0.025925925925925925
0 0.73828125 0.1361111111111111 0.016145833333333335 0.022222222222222223
0 0.7671875 0.12314814814814815 0.015625 0.020370370370370372
0 0.8651041666666667 0.11666666666666667 0.013020833333333334 0.017592592592592594
0 0.803125 0.10416666666666667 0.015104166666666667 0.014814814814814815
0 0.875 0.09537037037037037 0.009375 0.014814814814814815
1 0.88046875 0.0763888888888889 0.010416666666666666 0.014814814814814815
1 0.8416666666666667 0.09907407407407408 0.011979166666666667 0.026851851851851852
