3 0.7075520833333333 0.46805555555555556 0.025520833333333333 0.012037037037037037
4 0.8481770833333333 0.20185185185185187 0.0546875 0.10648148148148148
5 0.35494791666666664 0.2986111111111111 0.07447916666666667 0.06018518518518518
4 0.6015625 0.19907407407407407 0.05 0.07222222222222222
4 0.7182291666666667 0.1625 0.0390625 0.062037037037037036
5 0.74453125 0.12314814814814815 0.016145833333333335 0.020370370370370372
5 0.7885416666666667 0.13472222222222222 0.0171875 0.023148148148148147
4 0.88828125 0.09953703703703703 0.015104166666666667 0.030555555555555555
5 0.77109375 0.12083333333333333 0.0140625 0.019444444444444445
5 0.7893229166666667 0.11388888888888889 0.0140625 0.016666666666666666
4 0.84375 0.09583333333333334 0.0109375 0.022222222222222223
5 0.86875 0.11203703703703703 0.011458333333333333 0.01574074074074074
5 0.8125 0.1 0.011979166666666667 0.014814814814814815
5 0.8763020833333334 0.09027777777777778 0.008854166666666666 0.01574074074074074
5 0.8328125 0.10740740740740741 0.0109375 0.01574074074074074
4 0.8328125 0.10740740740740741 0.0109375 0.016666666666666666
5 0.7885416666666667 0.11851851851851852 0.014583333333333334 0.017592592592592594