0 0.5125 0.6652777777777777 0.10260416666666666 0.12685185185185185
2 0.30572916666666666 0.6717592592592593 0.30520833333333336 0.4027777777777778
0 0.16822916666666668 0.42083333333333334 0.08958333333333333 0.08425925925925926
0 0.25078125 0.3388888888888889 0.0625 0.05277777777777778
0 0.6859375 0.32175925925925924 0.03854166666666667 0.044444444444444446
0 0.6778645833333333 0.24305555555555555 0.030729166666666665 0.03333333333333333
0 0.6200520833333333 0.18796296296296297 0.024479166666666666 0.025925925925925925
1 0.7083333333333334 0.18055555555555555 0.019270833333333334 0.026851851851851852
0 0.03359375 0.22824074074074074 0.0328125 0.022222222222222223
3 0.7356770833333334 0.23657407407407408 0.0109375 0.026851851851851852
0 0.6059895833333333 0.175 0.019791666666666666 0.023148148148148147
0 0.2546875 0.20972222222222223 0.03177083333333333 0.019444444444444445
0 0.11328125 0.22037037037037038 0.0359375 0.021296296296296296
0 0.18911458333333334 0.2122314814814815 0.033093749999999984 0.027314814814814816
0 0.8364114583333334 0.12137962962962963 0.009755208333333343 0.013620370370370364
