3 0.68984375 0.49537037037037035 0.0265625 0.012962962962962963
4 0.8354166666666667 0.2199074074074074 0.06041666666666667 0.12314814814814815
5 0.25 0.34629629629629627 0.09270833333333334 0.06944444444444445
4 0.5614583333333333 0.21805555555555556 0.059375 0.08055555555555556
4 0.7013020833333333 0.1726851851851852 0.04635416666666667 0.06944444444444445
4 0.8885416666666667 0.09953703703703703 0.015625 0.032407407407407406
5 0.7638020833333333 0.12546296296296297 0.013020833333333334 0.017592592592592594
5 0.78125 0.13796296296296295 0.018229166666666668 0.025925925925925925
5 0.7354166666666667 0.12731481481481483 0.016666666666666666 0.020370370370370372
5 0.7848958333333333 0.11574074074074074 0.013541666666666667 0.017592592592592594
5 0.8682291666666667 0.11157407407407408 0.0109375 0.017592592592592594
4 0.84296875 0.0962962962962963 0.011458333333333333 0.022222222222222223
5 0.821875 0.10231481481481482 0.009375 0.017592592592592594
5 0.8104166666666667 0.1 0.0125 0.01574074074074074