3 0.5044270833333333 0.9703703703703703 0.0203125 0.053703703703703705
3 0.5627604166666667 0.3282407407407407 0.03802083333333333 0.032407407407407406
5 0.32317708333333334 0.39351851851851855 0.04791666666666667 0.06388888888888888
4 0.6997395833333333 0.19768518518518519 0.027604166666666666 0.04722222222222222
4 0.5533854166666666 0.25046296296296294 0.03229166666666667 0.07685185185185185
4 0.61015625 0.14675925925925926 0.020833333333333332 0.037037037037037035
4 0.6315104166666666 0.1476851851851852 0.030729166666666665 0.03796296296296296
4 0.5098958333333333 0.15416666666666667 0.013541666666666667 0.027777777777777776
4 0.496875 0.14583333333333334 0.009895833333333333 0.01574074074074074
3 0.0759375 0.9531296296296298 0.02479166666666667 0.08329629629629633
3 0.21145833333333333 0.7273518518518518 0.027083333333333334 0.06655555555555566
3 0.28072916666666664 0.616962962962963 0.021875 0.05912037037037029
3 0.31875 0.5560277777777778 0.020833333333333332 0.05947222222222224
3 0.35520833333333335 0.4956481481481481 0.022916666666666665 0.04982407407407402
3 0.3854166666666667 0.4421203703703704 0.020833333333333332 0.03536111111111116
3 0.41343749999999996 0.39823148148148146 0.016458333333333287 0.04015740740740741
3 0.4301041666666666 0.36748148148148146 0.016458333333333287 0.045342592592592615
3 0.442359375 0.34855555555555556 0.011583333333333338 0.03040740740740744
3 0.46662499999999996 0.3033148148148148 0.011973958333333338 0.030157407407407452
3 0.4813958333333333 0.2856203703703704 0.006375000000000005 0.02483333333333338
3 0.4877083333333333 0.27439814814814817 0.012489583333333342 0.023212962962963008
3 0.49733333333333335 0.25912962962962965 0.010932291666666672 0.020425925925925875
3 0.50265625 0.25585185185185183 0.01019791666666663 0.020675925925925962
4 0.5889270833333333 0.14721296296296296 0.019947916666666763 0.027629629629629608