0 0.06744791666666666 0.8675925925925926 0.13489583333333333 0.13425925925925927
0 0.3502604166666667 0.5699074074074074 0.0703125 0.06111111111111111
0 0.7143229166666667 0.7550925925925925 0.0765625 0.1287037037037037
0 0.5778645833333333 0.4935185185185185 0.043229166666666666 0.05092592592592592
1 0.7609375 0.33611111111111114 0.03958333333333333 0.07037037037037037
0 0.5260416666666666 0.48657407407407405 0.04479166666666667 0.04722222222222222
0 0.64140625 0.37083333333333335 0.025 0.03148148148148148
1 0.66875 0.4462962962962963 0.053125 0.08703703703703704
0 0.79296875 0.287962962962963 0.011979166666666667 0.017592592592592594
1 0.7458333333333333 0.3199074074074074 0.029166666666666667 0.05
0 0.6989583333333333 0.34814814814814815 0.021875 0.028703703703703703
0 0.20911458333333333 0.4273148148148148 0.034895833333333334 0.03148148148148148
0 0.7794270833333333 0.2847222222222222 0.0125 0.01574074074074074
0 0.3294270833333333 0.412962962962963 0.03958333333333333 0.026851851851851852
0 0.41640625 0.7685185185185185 0.09270833333333334 0.11574074074074074
0 0.24895833333333334 0.42685185185185187 0.034895833333333334 0.030555555555555555
0 0.7013020833333333 0.3287037037037037 0.019270833333333334 0.021296296296296296
0 0.7958333333333333 0.27314814814814814 0.010416666666666666 0.012962962962962963
0 0.8197916666666667 0.28055555555555556 0.011458333333333333 0.023148148148148147
0 0.8390625 0.2574074074074074 0.008333333333333333 0.012037037037037037
0 0.7606770833333333 0.28194444444444444 0.0125 0.014814814814814815
0 0.8315104166666667 0.2518518518518518 0.0067708333333333336 0.011111111111111112
0 0.7958333333333333 0.2574074074074074 0.00625 0.011111111111111112
0 0.8018229166666667 0.25416666666666665 0.0078125 0.011111111111111112
0 0.7895833333333333 0.26064814814814813 0.009375 0.012962962962962963
0 0.82109375 0.2518518518518518 0.0067708333333333336 0.011111111111111112
0 0.8088541666666667 0.24861111111111112 0.007291666666666667 0.010185185185185186
0 0.578125 0.7527777777777778 0.09322916666666667 0.1259259259259259
2 0.369140625 0.3473981481481481 0.05543750000000003 0.05172222222222223
