1 0.6955729166666667 0.40694444444444444 0.0671875 0.11018518518518519
0 0.5666666666666667 0.4513888888888889 0.040625 0.049074074074074076
0 0.46197916666666666 0.663425925925926 0.12291666666666666 0.17314814814814813
0 0.4830729166666667 0.47962962962962963 0.04635416666666667 0.05185185185185185
0 0.5776041666666667 0.7532407407407408 0.09479166666666666 0.1287037037037037
0 0.7135416666666666 0.7569444444444444 0.078125 0.13425925925925927
0 0.7552083333333334 0.3236111111111111 0.017708333333333333 0.025
0 0.72109375 0.3074074074074074 0.016145833333333335 0.020370370370370372
0 0.8013020833333333 0.30092592592592593 0.015104166666666667 0.03148148148148148
0 0.62578125 0.37824074074074077 0.027604166666666666 0.032407407407407406
0 0.7848958333333333 0.27870370370370373 0.011458333333333333 0.014814814814814815
0 0.8260416666666667 0.26944444444444443 0.010416666666666666 0.014814814814814815
0 0.7716145833333333 0.2912037037037037 0.013020833333333334 0.017592592592592594
0 0.7484375 0.3074074074074074 0.014583333333333334 0.020370370370370372
0 0.8138020833333334 0.2662037037037037 0.0109375 0.012037037037037037
1 0.65625 0.38796296296296295 0.052083333333333336 0.08148148148148149
0 0.11666666666666667 0.46944444444444444 0.06041666666666667 0.06481481481481481
0 0.8036458333333333 0.2796296296296296 0.011458333333333333 0.016666666666666666
0 0.7708333333333334 0.275 0.010416666666666666 0.014814814814814815
0 0.8244791666666667 0.24768518518518517 0.007291666666666667 0.010185185185185186
1 0.8393229166666667 0.25092592592592594 0.013020833333333334 0.020370370370370372
2 0.4847447916666667 0.32010185185185186 0.04836458333333328 0.058203703703703716
