1 0.39296875 0.45902777777777776 0.06328125 0.1375
1 0.48046875 0.4479166666666667 0.05859375 0.1486111111111111
0 0.708203125 0.5541666666666667 0.05546875 0.08194444444444444
0 0.556640625 0.44305555555555554 0.0390625 0.06527777777777778
0 0.703515625 0.36666666666666664 0.03671875 0.05277777777777778
0 0.781640625 0.3784722222222222 0.04375 0.058333333333333334
0 0.66953125 0.3111111111111111 0.02890625 0.04027777777777778
0 0.699609375 0.2722222222222222 0.02890625 0.04722222222222222
0 0.60859375 0.28958333333333336 0.02578125 0.03611111111111111
0 0.632421875 0.3486111111111111 0.03046875 0.043055555555555555
0 0.498828125 0.2722222222222222 0.01875 0.029166666666666667
0 0.72578125 0.3076388888888889 0.03046875 0.044444444444444446
0 0.503125 0.23125 0.01484375 0.022222222222222223
1 0.41171875 0.17916666666666667 0.01953125 0.03333333333333333
0 0.592578125 0.23472222222222222 0.0171875 0.02361111111111111
0 0.6734375 0.2423611111111111 0.02265625 0.034722222222222224
1 0.655078125 0.22083333333333333 0.025 0.043055555555555555
0 0.502734375 0.30694444444444446 0.02265625 0.04583333333333333
1 0.348828125 0.16597222222222222 0.0171875 0.025
0 0.621484375 0.20625 0.01640625 0.02638888888888889
0 0.45616406249999997 0.19759722222222223 0.011546874999999979 0.020194444444444473
0 0.3828125 0.17152777777777778 0.0109375 0.013888888888888888
1 0.5424765625 0.18551388888888887 0.03464843749999993 0.049569444444444444
1 0.44818749999999996 0.16136111111111112 0.018718750000000027 0.03215277777777779
1 0.40024218749999996 0.15427777777777776 0.0154296875 0.026541666666666647
1 0.3330625 0.14168055555555556 0.01835156250000001 0.02330555555555556
0 0.459609375 0.20877777777777776 0.013539062499999944 0.020083333333333304
