3 0.260546875 0.6916666666666667 0.02265625 0.019444444444444445
5 0.43125 0.5875 0.0671875 0.12777777777777777
4 0.70703125 0.43125 0.02734375 0.05694444444444444
5 0.719140625 0.5020833333333333 0.02265625 0.034722222222222224
5 0.676953125 0.46458333333333335 0.0203125 0.030555555555555555
4 0.695703125 0.39375 0.01875 0.034722222222222224
4 0.614453125 0.3958333333333333 0.01953125 0.04583333333333333
5 0.629296875 0.375 0.00703125 0.0125
5 0.636328125 0.39166666666666666 0.009375 0.016666666666666666
4 0.6033515625 0.3713888888888889 0.017406249999999977 0.04234722222222224
4 0.7409609374999999 0.5680833333333333 0.05061718749999997 0.11698611111111114