3 0.5346354166666667 0.9689814814814814 0.025520833333333333 0.025
5 0.4856770833333333 0.9157407407407407 0.09270833333333334 0.15833333333333333
5 0.5216145833333333 0.6231481481481481 0.049479166666666664 0.06759259259259259
5 0.60078125 0.4689814814814815 0.026041666666666668 0.03611111111111111
5 0.5841145833333333 0.44166666666666665 0.024479166666666666 0.032407407407407406
5 0.6572916666666667 0.4375 0.021875 0.032407407407407406
5 0.6489583333333333 0.42083333333333334 0.01875 0.026851851851851852
4 0.6411458333333333 0.3976851851851852 0.025520833333333333 0.046296296296296294
5 0.5825520833333333 0.38842592592592595 0.016145833333333335 0.024074074074074074
5 0.3875 0.7060185185185185 0.0703125 0.09722222222222222
5 0.6239583333333333 0.3962962962962963 0.014583333333333334 0.025925925925925925
5 0.6239583333333333 0.3907407407407407 0.014583333333333334 0.026851851851851852
5 0.68046875 0.3597222222222222 0.010416666666666666 0.017592592592592594