1 0.498046875 0.5951388888888889 0.08984375 0.17222222222222222
0 0.5765625 0.6097222222222223 0.03984375 0.06944444444444445
1 0.545703125 0.4465277777777778 0.03828125 0.08472222222222223
1 0.696875 0.3993055555555556 0.01953125 0.04027777777777778
0 0.676171875 0.44583333333333336 0.01796875 0.027777777777777776
0 0.6234375 0.4479166666666667 0.01796875 0.029166666666666667
1 0.72734375 0.41875 0.02421875 0.04722222222222222
0 0.669921875 0.38819444444444445 0.01171875 0.016666666666666666
0 0.65859375 0.3729166666666667 0.01015625 0.018055555555555554
1 0.7638515625 0.49494444444444446 0.041906250000000075 0.08586111111111118
