3 0.78671875 0.8583333333333333 0.011979166666666667 0.04259259259259259
3 0.73046875 0.8472222222222222 0.013020833333333334 0.02962962962962963
4 0.3736979166666667 0.7356481481481482 0.2515625 0.3453703703703704
5 0.578125 0.7537037037037037 0.09322916666666667 0.1259259259259259
5 0.3919270833333333 0.5402777777777777 0.06510416666666667 0.058333333333333334
4 0.19088541666666667 0.7296296296296296 0.22291666666666668 0.2777777777777778
5 0.6817708333333333 0.3625 0.0265625 0.03148148148148148
5 0.8044270833333333 0.2967592592592593 0.013020833333333334 0.018518518518518517
5 0.6299479166666667 0.41712962962962963 0.0359375 0.04259259259259259
5 0.765625 0.3439814814814815 0.021354166666666667 0.04259259259259259
5 0.7125 0.7555555555555555 0.08072916666666667 0.13055555555555556
2 0.76796875 0.8300925925925926 0.020833333333333332 0.10092592592592593
5 0.6361979166666667 0.3680555555555556 0.025520833333333333 0.03148148148148148
5 0.7541666666666667 0.30833333333333335 0.0140625 0.019444444444444445
5 0.7255208333333333 0.3287037037037037 0.0203125 0.027777777777777776
5 0.8075520833333333 0.27685185185185185 0.009375 0.012962962962962963
5 0.21953125 0.4537037037037037 0.04114583333333333 0.03148148148148148
5 0.7333333333333333 0.3023148148148148 0.015625 0.019444444444444445
4 0.828125 0.2638888888888889 0.015104166666666667 0.026851851851851852
5 0.8145833333333333 0.2569444444444444 0.007291666666666667 0.011111111111111112
5 0.2908854166666667 0.41203703703703703 0.034895833333333334 0.02962962962962963
5 0.7578125 0.28564814814814815 0.0109375 0.016666666666666666
5 0.78828125 0.27685185185185185 0.009895833333333333 0.012962962962962963
5 0.77421875 0.2875 0.011979166666666667 0.01574074074074074
4 0.7794270833333333 0.29907407407407405 0.015104166666666667 0.025925925925925925
5 0.8018229166666667 0.25416666666666665 0.007291666666666667 0.011111111111111112
5 0.22760416666666666 0.4393518518518518 0.030208333333333334 0.024074074074074074
5 0.7888020833333333 0.27037037037037037 0.008854166666666666 0.012037037037037037
5 0.7794270833333333 0.3 0.014583333333333334 0.023148148148148147
5 0.7768229166666667 0.29305555555555557 0.014583333333333334 0.020370370370370372
5 0.2591145833333333 0.3888888888888889 0.022395833333333334 0.019444444444444445