3 0.7861979166666667 0.8587962962962963 0.013020833333333334 0.04351851851851852
3 0.7307291666666667 0.8462962962962963 0.0125 0.03148148148148148
5 0.19375 0.9166666666666666 0.140625 0.14722222222222223
5 0.09140625 0.7453703703703703 0.13177083333333334 0.11203703703703703
5 0.7135416666666666 0.7550925925925925 0.078125 0.1287037037037037
5 0.6416666666666667 0.5027777777777778 0.040625 0.06018518518518518
5 0.5700520833333333 0.4587962962962963 0.03958333333333333 0.04537037037037037
5 0.7109375 0.37037037037037035 0.022916666666666665 0.02962962962962963
5 0.459375 0.4930555555555556 0.053125 0.058333333333333334
4 0.7458333333333333 0.3662037037037037 0.034895833333333334 0.058333333333333334
5 0.6080729166666666 0.39305555555555555 0.0296875 0.03425925925925926
4 0.79453125 0.3 0.0296875 0.053703703703703705
2 0.6515625 0.7648148148148148 0.021875 0.09814814814814815
2 0.7528645833333333 0.8125 0.01875 0.09814814814814815
5 0.7114583333333333 0.3212962962962963 0.015625 0.022222222222222223
0 0.17310416666666667 0.40568518518518515 0.08802083333333334 0.07314814814814814
5 0.7565104166666666 0.3013888888888889 0.016666666666666666 0.019444444444444445
5 0.5778645833333333 0.7532407407407408 0.09375 0.12777777777777777
5 0.69140625 0.3592592592592593 0.022395833333333334 0.025
5 0.29583333333333334 0.3902777777777778 0.04479166666666667 0.044444444444444446
5 0.0109375 0.5412037037037037 0.021875 0.05462962962962963
5 0.81484375 0.26851851851851855 0.010416666666666666 0.013888888888888888
5 0.7442708333333333 0.2953703703703704 0.0140625 0.01574074074074074
5 0.8328125 0.26805555555555555 0.010416666666666666 0.017592592592592594
5 0.8119791666666667 0.25972222222222224 0.008854166666666666 0.012962962962962963
5 0.8052083333333333 0.2523148148148148 0.0078125 0.010185185185185186
5 0.8018229166666667 0.2671296296296296 0.008333333333333333 0.012962962962962963
5 0.12983854166666667 0.46428703703703705 0.06026562499999999 0.04497222222222227
0 0.3843020833333333 0.3445740740740741 0.058781249999999945 0.04894444444444446