3 0.5096354166666667 0.7486111111111111 0.04114583333333333 0.026851851851851852
4 0.2640625 0.35462962962962963 0.13854166666666667 0.14166666666666666
4 0.7177083333333333 0.3726851851851852 0.13229166666666667 0.24259259259259258
4 0.58125 0.23657407407407408 0.07760416666666667 0.1037037037037037
4 0.88828125 0.1037037037037037 0.017708333333333333 0.03518518518518519
5 0.7442708333333333 0.1587962962962963 0.025 0.03333333333333333
5 0.6861979166666666 0.1449074074074074 0.023958333333333335 0.026851851851851852
5 0.8638020833333333 0.11898148148148148 0.013541666666666667 0.019444444444444445
5 0.759375 0.1259259259259259 0.0171875 0.024074074074074074
5 0.7260416666666667 0.14166666666666666 0.0171875 0.023148148148148147
5 0.8744791666666667 0.09722222222222222 0.009375 0.01574074074074074
5 0.8010416666666667 0.10740740740740741 0.015625 0.014814814814814815
4 0.8403645833333333 0.10138888888888889 0.011979166666666667 0.025