3 0.50390625 0.9703703703703703 0.0203125 0.053703703703703705
3 0.5630208333333333 0.3277777777777778 0.0375 0.03518518518518519
4 0.728125 0.2625 0.0359375 0.06574074074074074
4 0.553125 0.25046296296296294 0.030729166666666665 0.07685185185185185
5 0.67109375 0.2518518518518518 0.025 0.03796296296296296
4 0.6635416666666667 0.1712962962962963 0.020833333333333332 0.03518518518518519
4 0.5065104166666666 0.1638888888888889 0.0171875 0.03888888888888889
3 0.07366145833333333 0.942462962962963 0.03571354166666666 0.09391666666666673
3 0.21242708333333335 0.7314814814814815 0.021578124999999972 0.06878703703703701
3 0.2827395833333333 0.6230185185185185 0.025296874999999965 0.06084259259259263
3 0.32001041666666663 0.5606018518518519 0.017802083333333368 0.05617592592592599
3 0.35739583333333336 0.49294444444444446 0.017802083333333368 0.05063888888888894
3 0.3854375 0.43875000000000003 0.016020833333333328 0.045101851851851886
3 0.4152552083333333 0.3983888888888889 0.012463541666666699 0.04193518518518515
3 0.42904166666666665 0.3689444444444444 0.009848958333333376 0.0345555555555556
3 0.44328125 0.34480555555555553 0.00905208333333339 0.026981481481481467
3 0.46684375 0.3055185185185185 0.007187499999999976 0.026981481481481467
3 0.4813541666666667 0.28824074074074074 0.007453124999999972 0.026509259259259257