0 0.19244791666666666 0.8379629629629629 0.13020833333333334 0.12314814814814815
0 0.20651041666666667 0.6708333333333333 0.09479166666666666 0.08055555555555556
0 0.71328125 0.7513888888888889 0.0796875 0.12314814814814815
0 0.5786458333333333 0.7532407407407408 0.09739583333333333 0.12962962962962962
1 0.5114583333333333 0.4847222222222222 0.0765625 0.10740740740740741
0 0.7416666666666667 0.37407407407407406 0.022395833333333334 0.03425925925925926
0 0.6927083333333334 0.3902777777777778 0.025520833333333333 0.03518518518518519
0 0.6028645833333334 0.3962962962962963 0.0328125 0.041666666666666664
1 0.7916666666666666 0.31342592592592594 0.021354166666666667 0.03981481481481482
1 0.82109375 0.2740740740740741 0.021354166666666667 0.040740740740740744
0 0.7778645833333333 0.30416666666666664 0.013541666666666667 0.019444444444444445
0 0.72109375 0.33611111111111114 0.018229166666666668 0.024074074074074074
0 0.6739583333333333 0.34675925925925927 0.023958333333333335 0.030555555555555555
0 0.5692708333333333 0.5032407407407408 0.0515625 0.06759259259259259
0 0.79609375 0.26990740740740743 0.010416666666666666 0.013888888888888888
0 0.7690104166666667 0.29583333333333334 0.015625 0.01574074074074074
0 0.21640625 0.4356481481481482 0.03333333333333333 0.037037037037037035
0 0.71953125 0.31712962962962965 0.016666666666666666 0.019444444444444445
0 0.77890625 0.2712962962962963 0.0109375 0.014814814814814815
0 0.3255208333333333 0.39814814814814814 0.0359375 0.030555555555555555
0 0.8059895833333334 0.25277777777777777 0.008333333333333333 0.011111111111111112
0 0.75859375 0.28425925925925927 0.0125 0.018518518518518517
0 0.8346354166666666 0.2523148148148148 0.009895833333333333 0.012962962962962963
0 0.80625 0.25092592592592594 0.0078125 0.011111111111111112
2 0.058817708333333336 0.4557962962962963 0.11763020833333335 0.10745370370370366
