3 0.7302083333333333 0.8462962962962963 0.013541666666666667 0.03148148148148148
3 0.7864583333333334 0.8587962962962963 0.013541666666666667 0.04351851851851852
4 0.28541666666666665 0.8495370370370371 0.19635416666666666 0.26296296296296295
4 0.6544270833333333 0.449537037037037 0.08385416666666666 0.13240740740740742
5 0.37447916666666664 0.5546296296296296 0.06041666666666667 0.06296296296296296
5 0.47265625 0.524074074074074 0.05572916666666667 0.06296296296296296
4 0.6049479166666667 0.42916666666666664 0.075 0.10092592592592593
5 0.73359375 0.3416666666666667 0.020833333333333332 0.025925925925925925
5 0.578125 0.7532407407407408 0.09375 0.1259259259259259
5 0.7122395833333334 0.7560185185185185 0.08125 0.13148148148148148
5 0.7036458333333333 0.3199074074074074 0.018229166666666668 0.022222222222222223
5 0.7614583333333333 0.3 0.013020833333333334 0.017592592592592594
2 0.7528645833333333 0.812962962962963 0.018229166666666668 0.09351851851851851
5 0.7942708333333334 0.3101851851851852 0.014583333333333334 0.030555555555555555
5 0.7765625 0.2865740740740741 0.0125 0.013888888888888888
5 0.7354166666666667 0.3199074074074074 0.018229166666666668 0.023148148148148147
5 0.22317708333333333 0.43842592592592594 0.021875 0.025925925925925925
5 0.8208333333333333 0.2759259259259259 0.009895833333333333 0.013888888888888888
5 0.7768229166666667 0.26990740740740743 0.008333333333333333 0.013888888888888888
5 0.18385416666666668 0.46574074074074073 0.046875 0.03148148148148148
5 0.32760416666666664 0.3976851851851852 0.0296875 0.025925925925925925
5 0.80625 0.2722222222222222 0.011458333333333333 0.013888888888888888
5 0.8049479166666667 0.27037037037037037 0.011979166666666667 0.01574074074074074
5 0.7971354166666667 0.2833333333333333 0.013020833333333334 0.018518518518518517
5 0.83046875 0.25462962962962965 0.005729166666666666 0.012962962962962963
5 0.7627604166666667 0.2833333333333333 0.013020833333333334 0.01574074074074074
5 0.8028645833333333 0.2550925925925926 0.008854166666666666 0.011111111111111112
5 0.16380208333333332 0.4583333333333333 0.03125 0.030555555555555555
5 0.7854166666666667 0.2657407407407407 0.008333333333333333 0.012962962962962963
5 0.20989583333333334 0.4324074074074074 0.026041666666666668 0.025925925925925925
5 0.79375 0.2689814814814815 0.009895833333333333 0.012962962962962963
5 0.8200520833333333 0.2625 0.008854166666666666 0.012962962962962963
5 0.8109375 0.24722222222222223 0.007291666666666667 0.010185185185185186
5 0.16041666666666668 0.4527777777777778 0.030729166666666665 0.026851851851851852
5 0.8221354166666667 0.2490740740740741 0.008854166666666666 0.011111111111111112