3 0.26171875 0.6909722222222222 0.0203125 0.020833333333333332
4 0.55859375 0.4861111111111111 0.05078125 0.09583333333333334
5 0.675 0.49583333333333335 0.02265625 0.034722222222222224
5 0.61328125 0.48541666666666666 0.02109375 0.03888888888888889
4 0.574609375 0.4152777777777778 0.03046875 0.0625
4 0.743359375 0.44513888888888886 0.03125 0.06805555555555555
4 0.70234375 0.4173611111111111 0.02265625 0.05138888888888889
5 0.681640625 0.4041666666666667 0.01171875 0.018055555555555554
5 0.631640625 0.4173611111111111 0.01328125 0.022222222222222223
5 0.66875 0.3875 0.0109375 0.015277777777777777
4 0.694921875 0.3840277777777778 0.0171875 0.027777777777777776