3 0.0859375 0.8993055555555556 0.028125 0.02361111111111111
4 0.469921875 0.43472222222222223 0.0546875 0.1388888888888889
5 0.777734375 0.5083333333333333 0.0609375 0.08611111111111111
4 0.428515625 0.3798611111111111 0.05 0.12083333333333333
4 0.755859375 0.3333333333333333 0.05078125 0.08055555555555556
5 0.642578125 0.3763888888888889 0.0375 0.05
4 0.6390625 0.22291666666666668 0.0421875 0.0763888888888889
4 0.690234375 0.24791666666666667 0.034375 0.06388888888888888
4 0.45703125 0.23958333333333334 0.0203125 0.041666666666666664
5 0.446875 0.2076388888888889 0.01328125 0.019444444444444445
4 0.4890625 0.23958333333333334 0.02421875 0.05138888888888889
5 0.421484375 0.18472222222222223 0.01171875 0.016666666666666666
5 0.576171875 0.24861111111111112 0.021875 0.03194444444444444
5 0.505078125 0.23194444444444445 0.0171875 0.029166666666666667
5 0.4671875 0.21944444444444444 0.01328125 0.02638888888888889
5 0.5388515625 0.4812916666666666 0.04214843750000004 0.09816666666666675
5 0.9183515625 0.5449166666666666 0.08516406250000016 0.13037500000000002
5 0.8185546875 0.41112499999999996 0.05137500000000008 0.08061111111111106
5 0.70996875 0.2836666666666667 0.029953124999999935 0.05220833333333338
5 0.6325078125 0.2738055555555555 0.019765624999999964 0.027041666666666703
4 0.530671875 0.19493055555555555 0.027171874999999977 0.04393055555555555