3 0.73046875 0.8472222222222222 0.013020833333333334 0.02962962962962963
3 0.7861979166666667 0.8583333333333333 0.011979166666666667 0.04259259259259259
5 0.054427083333333334 0.8782407407407408 0.10833333333333334 0.1527777777777778
5 0.2375 0.937962962962963 0.15260416666666668 0.12407407407407407
5 0.71328125 0.7509259259259259 0.07916666666666666 0.12222222222222222
5 0.6033854166666667 0.5046296296296297 0.04583333333333333 0.05185185185185185
5 0.5135416666666667 0.45925925925925926 0.04375 0.049074074074074076
5 0.7020833333333333 0.4111111111111111 0.0296875 0.03518518518518519
5 0.6002604166666666 0.3990740740740741 0.028125 0.03333333333333333
4 0.6760416666666667 0.3597222222222222 0.03854166666666667 0.05925925925925926
5 0.7059895833333333 0.34305555555555556 0.021354166666666667 0.024074074074074074
5 0.15546875 0.46111111111111114 0.046875 0.037037037037037035
4 0.81396875 0.2851666666666667 0.014395833333333267 0.03236111111111115
2 0.753125 0.812962962962963 0.018229166666666668 0.09907407407407408
5 0.36328125 0.3902777777777778 0.03802083333333333 0.032407407407407406
5 0.7489583333333333 0.29768518518518516 0.015104166666666667 0.017592592592592594
5 0.71171875 0.3189814814814815 0.017708333333333333 0.021296296296296296
4 0.8341145833333333 0.25833333333333336 0.016666666666666666 0.03333333333333333
5 0.57890625 0.7527777777777778 0.09635416666666667 0.12777777777777777
5 0.7177083333333333 0.3648148148148148 0.0234375 0.03425925925925926
5 0.2916666666666667 0.3972222222222222 0.036458333333333336 0.030555555555555555
5 0.7640625 0.28425925925925927 0.0109375 0.012037037037037037
5 0.77109375 0.30787037037037035 0.0140625 0.019444444444444445
5 0.78671875 0.31851851851851853 0.016145833333333335 0.023148148148148147
5 0.7841145833333333 0.26805555555555555 0.008333333333333333 0.012037037037037037
5 0.80234375 0.2689814814814815 0.0125 0.012037037037037037
5 0.7739583333333333 0.2912037037037037 0.011458333333333333 0.016666666666666666
5 0.79921875 0.25833333333333336 0.010416666666666666 0.012962962962962963
5 0.8174479166666667 0.2513888888888889 0.009375 0.014814814814814815
2 0.6169270833333333 0.7513888888888889 0.0203125 0.10462962962962963
5 0.1421875 0.4476851851851852 0.03333333333333333 0.03333333333333333
2 0.7035625 0.7950092592592592 0.025718750000000058 0.11004629629629621