0 0.3606770833333333 0.8199074074074074 0.10833333333333334 0.23333333333333334
0 0.23671875 0.3421296296296296 0.011458333333333333 0.018518518518518517
0 0.24791666666666667 0.3925925925925926 0.019270833333333334 0.03148148148148148
0 0.29661458333333335 0.41898148148148145 0.024479166666666666 0.040740740740740744
0 0.22838541666666667 0.3300925925925926 0.011458333333333333 0.014814814814814815
2 0.28229166666666666 0.3162037037037037 0.018229166666666668 0.027777777777777776
0 0.20625 0.32314814814814813 0.0109375 0.014814814814814815
0 0.24970833333333334 0.30971296296296297 0.008562500000000028 0.013444444444444427
0 0.24339583333333334 0.2993796296296296 0.0058124999999999835 0.008111111111111102
0 0.23145833333333332 0.2963240740740741 0.005937499999999988 0.009777777777777727
