0 0.30572916666666666 0.7986111111111112 0.10833333333333334 0.11574074074074074
0 0.18203125 0.6851851851851852 0.1078125 0.09814814814814815
0 0.7135416666666666 0.7550925925925925 0.078125 0.12777777777777777
0 0.48854166666666665 0.4740740740740741 0.049479166666666664 0.05462962962962963
0 0.6533854166666667 0.487962962962963 0.0390625 0.05740740740740741
0 0.5890625 0.44305555555555554 0.036458333333333336 0.04351851851851852
0 0.7184895833333333 0.3625 0.021875 0.028703703703703703
0 0.62109375 0.38472222222222224 0.028125 0.03333333333333333
1 0.7494791666666667 0.35833333333333334 0.03177083333333333 0.06111111111111111
0 0.5778645833333333 0.7532407407407408 0.09322916666666667 0.12685185185185185
0 0.7002604166666667 0.35138888888888886 0.0203125 0.025
1 0.796875 0.2967592592592593 0.028125 0.053703703703703705
0 0.09166666666666666 0.4787037037037037 0.0546875 0.04537037037037037
0 0.71640625 0.31712962962962965 0.0171875 0.020370370370370372
2 0.14159375000000002 0.41567592592592595 0.09203645833333335 0.07487037037037038
0 0.23567708333333334 0.42962962962962964 0.0421875 0.03888888888888889
0 0.7609375 0.2986111111111111 0.014583333333333334 0.018518518518518517
0 0.7471354166666667 0.29398148148148145 0.013541666666666667 0.014814814814814815
0 0.8158854166666667 0.26666666666666666 0.010416666666666666 0.012962962962962963
0 0.325 0.412962962962963 0.029166666666666667 0.025
0 0.8026041666666667 0.2657407407407407 0.008854166666666666 0.012962962962962963
0 0.8135416666666667 0.2574074074074074 0.008854166666666666 0.011111111111111112
0 0.8333333333333334 0.2675925925925926 0.009895833333333333 0.01574074074074074
0 0.8302083333333333 0.25555555555555554 0.008854166666666666 0.012962962962962963
2 0.3656979166666667 0.3551574074074074 0.06770833333333333 0.07010185185185189
