3 0.459375 0.24027777777777778 0.034375 0.03611111111111111
5 0.528125 0.7055555555555556 0.1546875 0.45
2 0.418765625 0.40852777777777777 0.028453125000000058 0.10887037037037041
3 0.444125 0.5069444444444444 0.018557291666666722 0.07257407407407412
3 0.45928125000000003 0.5179351851851852 0.022885416666666696 0.04838888888888888
3 0.43020833333333336 0.47724999999999995 0.021651041666666634 0.06377777777777772
3 0.427421875 0.5333333333333333 0.025979166666666723 0.04618518518518529
3 0.436703125 0.567425925925926 0.029692708333333328 0.03958333333333333
3 0.42278645833333334 0.5910648148148149 0.014229166666666633 0.03628703703703709
2 0.43236979166666667 0.6449537037037036 0.0334010416666666 0.08027777777777782
2 0.41439583333333335 0.484537037037037 0.023489583333333286 0.06317592592592594