3 0.534375 0.9708333333333333 0.026041666666666668 0.025
4 0.21848958333333332 0.5736111111111111 0.2015625 0.20462962962962963
5 0.5197916666666667 0.6 0.04479166666666667 0.06111111111111111
5 0.5151041666666667 0.5324074074074074 0.0375 0.04722222222222222
5 0.59453125 0.48935185185185187 0.027604166666666666 0.03981481481481482
4 0.6075520833333333 0.44722222222222224 0.03229166666666667 0.06759259259259259
5 0.5848958333333333 0.43703703703703706 0.019791666666666666 0.02962962962962963
5 0.6231770833333333 0.3578703703703704 0.011979166666666667 0.017592592592592594
5 0.6294270833333333 0.5078703703703704 0.03125 0.053703703703703705
5 0.665625 0.38333333333333336 0.010416666666666666 0.017592592592592594
5 0.6354166666666666 0.38055555555555554 0.015625 0.019444444444444445