3 0.5346354166666667 0.9703703703703703 0.0265625 0.024074074074074074
5 0.47109375 0.7222222222222222 0.07083333333333333 0.1
5 0.2643229166666667 0.8865740740740741 0.115625 0.14722222222222223
5 0.6486979166666667 0.45740740740740743 0.023958333333333335 0.03796296296296296
5 0.57890625 0.5050925925925925 0.030208333333333334 0.04259259259259259
5 0.5630208333333333 0.46805555555555556 0.027604166666666666 0.03611111111111111
4 0.63125 0.4166666666666667 0.0265625 0.062037037037037036
5 0.6104166666666667 0.4078703703703704 0.0171875 0.028703703703703703
4 0.05 0.725462962962963 0.1 0.2611111111111111
5 0.6005208333333333 0.37222222222222223 0.014583333333333334 0.020370370370370372
5 0.5989583333333334 0.375 0.016145833333333335 0.020370370370370372