0 0.56875 0.5657407407407408 0.07447916666666667 0.09444444444444444
0 0.609375 0.3236111111111111 0.040625 0.04259259259259259
0 0.425 0.2708333333333333 0.0484375 0.05277777777777778
0 0.0921875 0.2212962962962963 0.03177083333333333 0.023148148148148147
0 0.18671875 0.21574074074074073 0.03333333333333333 0.021296296296296296
0 0.8218020833333333 0.12637037037037036 0.013869791666666723 0.018490740740740728
0 0.846078125 0.12444444444444445 0.010401041666666562 0.01463888888888889
0 0.7348958333333333 0.15796296296296294 0.016036458333333316 0.015407407407407394
2 0.6599114583333333 0.21575925925925923 0.028171875000000075 0.043148148148148144
0 0.432171875 0.24401851851851855 0.039682291666666696 0.025009259259259252
3 0.68178125 0.3187037037037037 0.02399479166666675 0.0525462962962963
0 0.16036979166666668 0.2176388888888889 0.022713541666666674 0.02560185185185183
0 0.24457291666666667 0.21075000000000002 0.031578125 0.021666666666666647
