0 0.3106770833333333 0.5962962962962963 0.0796875 0.06666666666666667
0 0.5916666666666667 0.4449074074074074 0.04114583333333333 0.046296296296296294
0 0.7122395833333334 0.7560185185185185 0.08125 0.13148148148148148
0 0.6651041666666667 0.37546296296296294 0.028125 0.03333333333333333
1 0.16380208333333332 0.41388888888888886 0.06510416666666667 0.06944444444444445
1 0.75703125 0.3523148148148148 0.022395833333333334 0.04537037037037037
0 0.80078125 0.3023148148148148 0.013020833333333334 0.018518518518518517
0 0.8041666666666667 0.28055555555555556 0.009895833333333333 0.013888888888888888
0 0.6151041666666667 0.38287037037037036 0.029166666666666667 0.03611111111111111
0 0.71484375 0.337037037037037 0.022395833333333334 0.030555555555555555
0 0.7489583333333333 0.31666666666666665 0.014583333333333334 0.018518518518518517
1 0.7744791666666667 0.30277777777777776 0.015625 0.028703703703703703
1 0.8263020833333333 0.2671296296296296 0.015104166666666667 0.028703703703703703
0 0.578125 0.7532407407407408 0.09375 0.12685185185185185
0 0.7846354166666667 0.2800925925925926 0.010416666666666666 0.013888888888888888
0 0.7239583333333334 0.30972222222222223 0.016145833333333335 0.019444444444444445
0 0.28515625 0.425 0.03802083333333333 0.028703703703703703
0 0.578125 0.7527777777777778 0.09375 0.12685185185185185
0 0.1046875 0.4703703703703704 0.06666666666666667 0.05925925925925926
0 0.81171875 0.25925925925925924 0.008333333333333333 0.011111111111111112
0 0.7533854166666667 0.2898148148148148 0.011979166666666667 0.016666666666666666
0 0.7653645833333333 0.29814814814814816 0.011979166666666667 0.019444444444444445
0 0.78671875 0.2671296296296296 0.009375 0.010185185185185186
0 0.7981770833333334 0.2574074074074074 0.007291666666666667 0.010185185185185186
0 0.7697916666666667 0.28703703703703703 0.0125 0.013888888888888888
0 0.76484375 0.2851851851851852 0.010416666666666666 0.013888888888888888
1 0.21041666666666667 0.8296296296296296 0.39791666666666664 0.34074074074074073
1 0.0578125 0.7953703703703704 0.115625 0.16111111111111112
