3 0.5028645833333333 0.9689814814814814 0.0203125 0.05277777777777778
3 0.5622395833333333 0.3277777777777778 0.03802083333333333 0.03333333333333333
4 0.15807291666666667 0.5564814814814815 0.13489583333333333 0.23333333333333334
2 0.3729166666666667 0.9060185185185186 0.035416666666666666 0.15833333333333333
4 0.7286458333333333 0.21805555555555556 0.030208333333333334 0.05462962962962963
4 0.6890625 0.22037037037037038 0.026041666666666668 0.053703703703703705
4 0.5528645833333333 0.25092592592592594 0.0328125 0.07592592592592592
4 0.5205729166666667 0.1550925925925926 0.013020833333333334 0.030555555555555555
4 0.5809895833333333 0.15416666666666667 0.0140625 0.025
3 0.07552083333333333 0.9532407407407407 0.0375 0.09351851851851851
3 0.21171875 0.7305555555555555 0.0203125 0.06296296296296296
3 0.2786458333333333 0.6166666666666667 0.01875 0.053703703703703705
3 0.3184895833333333 0.5578703703703703 0.0140625 0.04537037037037037
3 0.3572916666666667 0.4930555555555556 0.010416666666666666 0.03796296296296296
3 0.3854166666666667 0.44166666666666665 0.010416666666666666 0.03333333333333333
3 0.41354166666666664 0.39305555555555555 0.010416666666666666 0.030555555555555555
3 0.42994791666666665 0.3680555555555556 0.008854166666666666 0.028703703703703703
3 0.44088541666666664 0.34444444444444444 0.009895833333333333 0.03148148148148148
3 0.3372395833333333 0.3148148148148148 0.0078125 0.024074074074074074
3 0.34661458333333334 0.3060185185185185 0.009895833333333333 0.023148148148148147
3 0.4666666666666667 0.30694444444444446 0.007291666666666667 0.023148148148148147
3 0.48046875 0.2851851851851852 0.0067708333333333336 0.020370370370370372
3 0.48880208333333336 0.275 0.008854166666666666 0.022222222222222223