1 0.575390625 0.45694444444444443 0.04296875 0.07916666666666666
0 0.67734375 0.5375 0.028125 0.043055555555555555
1 0.753515625 0.4673611111111111 0.03671875 0.08055555555555556
0 0.61953125 0.4548611111111111 0.0203125 0.03194444444444444
1 0.70546875 0.43125 0.025 0.058333333333333334
0 0.63359375 0.40694444444444444 0.0125 0.018055555555555554
0 0.672265625 0.39444444444444443 0.0109375 0.018055555555555554
1 0.584765625 0.3993055555555556 0.02421875 0.05
0 0.691015625 0.4131944444444444 0.01328125 0.019444444444444445
1 0.69609375 0.38819444444444445 0.01640625 0.030555555555555555
