3 0.50390625 0.9699074074074074 0.0203125 0.05462962962962963
3 0.5627604166666667 0.32731481481481484 0.03802083333333333 0.03425925925925926
4 0.7158854166666667 0.24675925925925926 0.033854166666666664 0.062037037037037036
4 0.5526041666666667 0.25046296296296294 0.03125 0.075
5 0.6622395833333333 0.23333333333333334 0.0234375 0.03518518518518519
4 0.65859375 0.16898148148148148 0.021354166666666667 0.03425925925925926
4 0.50546875 0.16435185185185186 0.019270833333333334 0.04351851851851852
4 0.5856770833333333 0.14074074074074075 0.0171875 0.03148148148148148
3 0.07447916666666667 0.9467592592592593 0.027083333333333334 0.09166666666666666
3 0.21197916666666666 0.7291666666666666 0.01875 0.0712962962962963
3 0.27890625 0.6212962962962963 0.016145833333333335 0.06111111111111111
3 0.3190104166666667 0.5574074074074075 0.0140625 0.04814814814814815
3 0.35703125 0.4925925925925926 0.011979166666666667 0.040740740740740744
3 0.3854166666666667 0.44166666666666665 0.011458333333333333 0.037037037037037035
3 0.41328125 0.3939814814814815 0.0109375 0.032407407407407406
3 0.42916666666666664 0.3685185185185185 0.010416666666666666 0.037037037037037035
3 0.44192708333333336 0.3453703703703704 0.008854166666666666 0.02962962962962963
3 0.33866145833333333 0.3162222222222222 0.00397395833333339 0.02161111111111114
3 0.34729166666666667 0.30875925925925923 0.011473958333333319 0.01898148148148148
3 0.4667760416666667 0.30724999999999997 0.005223958333333319 0.022694444444444437
3 0.4810833333333333 0.2846018518518519 0.005395833333333281 0.020324074074074116
3 0.4886875 0.2749074074074074 0.004468749999999962 0.019296296296296325
3 0.49733333333333335 0.26185185185185184 0.004234375000000057 0.01877777777777775
3 0.5038333333333334 0.2540185185185185 0.004354166666666615 0.01733333333333336
3 0.5087395833333334 0.24276851851851852 0.004296875 0.016712962962962947
3 0.5115520833333334 0.23699074074074072 0.0036562499999999907 0.015685185185185208