3 0.5247395833333334 0.95 0.025520833333333333 0.027777777777777776
5 0.43125 0.8162037037037037 0.084375 0.12962962962962962
5 0.29635416666666664 0.8402777777777778 0.1015625 0.12685185185185185
5 0.5401041666666667 0.5689814814814815 0.0390625 0.05277777777777778
5 0.56640625 0.46435185185185185 0.025 0.03611111111111111
5 0.4546875 0.49675925925925923 0.03854166666666667 0.04537037037037037
5 0.6377604166666667 0.47685185185185186 0.028125 0.040740740740740744
5 0.6138020833333333 0.4513888888888889 0.022916666666666665 0.03518518518518519
5 0.6510416666666666 0.3912037037037037 0.015625 0.024074074074074074
5 0.6372395833333333 0.3824074074074074 0.014583333333333334 0.019444444444444445
5 0.6795416666666667 0.38491666666666663 0.015385416666666648 0.025981481481481432
4 0.6712708333333333 0.3606388888888889 0.018843749999999916 0.03487037037037034
5 0.657234375 0.36269444444444443 0.010765625000000037 0.021194444444444432
5 0.5599375 0.38525925925925925 0.01615104166666678 0.019824074074074046
5 0.6616562500000001 0.3288518518518519 0.00884375000000001 0.012305555555555523