2 0.16458333333333333 0.8217592592592593 0.32760416666666664 0.35648148148148145
0 0.28046875 0.35462962962962963 0.06875 0.06666666666666667
0 0.3690104166666667 0.9268518518518518 0.16875 0.14629629629629629
0 0.3255208333333333 0.30092592592592593 0.05260416666666667 0.044444444444444446
0 0.65859375 0.3726851851851852 0.04479166666666667 0.05092592592592592
0 0.6591145833333333 0.2638888888888889 0.03177083333333333 0.03425925925925926
3 0.7221354166666667 0.25787037037037036 0.011458333333333333 0.028703703703703703
0 0.2328125 0.21203703703703702 0.03177083333333333 0.021296296296296296
0 0.12994791666666666 0.21851851851851853 0.033854166666666664 0.020370370370370372
0 0.05364583333333333 0.22592592592592592 0.0296875 0.022222222222222223
0 0.6393229166666666 0.17824074074074073 0.0234375 0.027777777777777776
0 0.6270833333333333 0.16527777777777777 0.019791666666666666 0.018518518518518517
0 0.20494791666666667 0.21157407407407408 0.027083333333333334 0.017592592592592594
0 0.6941510416666666 0.1924537037037037 0.022307291666666628 0.02666666666666668
0 0.8324583333333333 0.1212037037037037 0.014161458333333361 0.0175648148148148
1 0.8942135416666667 0.08549074074074074 0.01317187499999998 0.014055555555555562
1 0.8588072916666667 0.09075925925925926 0.013505208333333248 0.021083333333333343
