1 0.1203125 0.42314814814814816 0.1796875 0.17407407407407408
1 0.5364583333333334 0.2587962962962963 0.09270833333333334 0.1175925925925926
1 0.6536458333333334 0.4537037037037037 0.17239583333333333 0.31203703703703706
0 0.8619791666666666 0.12083333333333333 0.014583333333333334 0.019444444444444445
0 0.7330729166666666 0.16712962962962963 0.026041666666666668 0.03148148148148148
1 0.8885416666666667 0.10462962962962963 0.017708333333333333 0.03518518518518519
0 0.7151041666666667 0.1449074074074074 0.021354166666666667 0.025925925925925925
0 0.7526041666666666 0.12962962962962962 0.017708333333333333 0.023148148148148147
0 0.6708333333333333 0.15185185185185185 0.026041666666666668 0.027777777777777776
0 0.8747395833333333 0.0962962962962963 0.009375 0.016666666666666666
0 0.7966145833333333 0.10694444444444444 0.016145833333333335 0.014814814814814815
0 0.7979166666666667 0.10833333333333334 0.015104166666666667 0.014814814814814815
