2 0.37994791666666666 0.5791666666666667 0.240625 0.325
0 0.09427083333333333 0.46574074074074073 0.10520833333333333 0.09814814814814815
0 0.55546875 0.5763888888888888 0.084375 0.1
0 0.20572916666666666 0.3625 0.06927083333333334 0.05555555555555555
0 0.6971354166666667 0.30092592592592593 0.035416666666666666 0.040740740740740744
0 0.68671875 0.23425925925925925 0.028645833333333332 0.030555555555555555
0 0.6109375 0.19398148148148148 0.027604166666666666 0.027777777777777776
0 0.023697916666666666 0.22916666666666666 0.03177083333333333 0.022222222222222223
0 0.5947916666666667 0.17916666666666667 0.021875 0.025925925925925925
0 0.26614583333333336 0.20879629629629629 0.03333333333333333 0.019444444444444445
0 0.7140625 0.1763888888888889 0.01875 0.024074074074074074
3 0.7419270833333333 0.2273148148148148 0.009375 0.025
0 0.10234375 0.22083333333333333 0.040625 0.021296296296296296
0 0.9604166666666667 0.08888888888888889 0.015625 0.017592592592592594
0 0.18020833333333333 0.21342592592592594 0.03125 0.017592592592592594
