0 0.7393229166666667 0.587037037037037 0.07239583333333334 0.10277777777777777
1 0.9197916666666667 0.47824074074074074 0.16041666666666668 0.23981481481481481
1 0.5528645833333333 0.25092592592592594 0.03229166666666667 0.075
1 0.48984375 0.21388888888888888 0.03177083333333333 0.06759259259259259
0 0.6625 0.23194444444444445 0.022916666666666665 0.03333333333333333
1 0.6520833333333333 0.16296296296296298 0.0171875 0.03148148148148148
0 0.5177708333333333 0.15737962962962962 0.008921875000000056 0.009129629629629642
1 0.5253385416666666 0.13503703703703704 0.007296874999999995 0.011537037037037018
1 0.5183125 0.13599074074074075 0.00567708333333338 0.008648148148148125
1 0.6133124999999999 0.1534351851851852 0.012208333333333361 0.024666666666666653
