2 0.09296875 0.74609375 0.1609375 0.296875
2 0.30546875 0.728125 0.1546875 0.2953125
2 0.53046875 0.76796875 0.15078125 0.265625
2 0.7421875 0.69140625 0.16171875 0.27578125
2 0.92421875 0.65546875 0.15078125 0.221875
2 0.85859375 0.5375 0.14765625 0.1609375
2 0.8109375 0.43203125 0.1109375 0.125
2 0.64296875 0.43046875 0.1015625 0.12890625
2 0.70234375 0.5328125 0.11875 0.1234375
2 0.49375 0.54453125 0.11171875 0.16796875
2 0.50390625 0.4296875 0.10703125 0.175
2 0.33671875 0.540625 0.10234375 0.084375
2 0.125 0.5625 0.1359375 0.125
2 0.16328125 0.4796875 0.09609375 0.071875
2 0.20625 0.415625 0.08671875 0.07578125
2 0.221875 0.35703125 0.07890625 0.06015625
2 0.33046875 0.43671875 0.09921875 0.15078125
2 0.621875 0.3140625 0.103125 0.12890625
2 0.35 0.32109375 0.0890625 0.08046875
2 0.4828125 0.30859375 0.0703125 0.06015625
2 0.24375 0.31171875 0.0609375 0.04765625
2 0.26015625 0.2546875 0.06640625 0.06875
2 0.3734375 0.25078125 0.0609375 0.0671875
2 0.46796875 0.2375 0.06875 0.071875
2 0.578125 0.24609375 0.046875 0.04765625
2 0.56640625 0.18671875 0.0671875 0.0875
2 0.46015625 0.18515625 0.053125 0.0390625
2 0.4625 0.15 0.05078125 0.04453125
2 0.53828125 0.125 0.040625 0.02890625
2 0.5265625 0.08671875 0.0421875 0.04140625
2 0.37578125 0.1859375 0.05625 0.05859375
2 0.26484375 0.19375 0.053125 0.04296875
2 0.2765625 0.16796875 0.0453125 0.0328125
2 0.2875 0.14609375 0.04453125 0.0390625
2 0.29765625 0.1296875 0.04140625 0.04453125
2 0.38359375 0.13984375 0.0453125 0.04453125
2 0.45625 0.1078125 0.046875 0.04296875
2 0.453125 0.06796875 0.04375 0.04140625
3 0.3828125 0.0625 0.0578125 0.07578125
2 0.3203125 0.07421875 0.040625 0.04609375