2 0.82265625 0.5328125 0.1390625 0.17265625
2 0.89453125 0.6453125 0.1625 0.21875
2 0.61640625 0.41875 0.10546875 0.1390625
2 0.78203125 0.4390625 0.11953125 0.153125
2 0.96953125 0.1421875 0.059375 0.0859375
2 0.87890625 0.1515625 0.06484375 0.07265625
2 0.071875 0.73984375 0.140625 0.27578125
2 0.5875 0.01875 0.0296875 0.02890625
2 0.9453125 0.0859375 0.1046875 0.0625
2 0.26484375 0.67421875 0.1765625 0.38125
2 0.70546875 0.64375 0.16796875 0.31796875
2 0.5875 0.3109375 0.0921875 0.146875
2 0.16484375 0.42734375 0.10703125 0.128125
2 0.12890625 0.503125 0.10859375 0.1546875
2 0.08984375 0.578125 0.14375 0.18125
2 0.50078125 0.7515625 0.1453125 0.296875
2 0.46328125 0.525 0.1046875 0.171875
2 0.296875 0.42109375 0.090625 0.153125
2 0.471875 0.40546875 0.096875 0.10546875
2 0.18984375 0.34140625 0.0765625 0.0609375
2 0.31875 0.3 0.071875 0.08359375
2 0.44921875 0.29609375 0.0765625 0.0859375
2 0.534375 0.165625 0.05625 0.075
2 0.43828125 0.215625 0.0703125 0.075
2 0.33984375 0.23046875 0.0578125 0.078125
2 0.22890625 0.234375 0.0640625 0.08046875
2 0.22890625 0.1765625 0.0484375 0.04140625
2 0.34140625 0.159375 0.0515625 0.0640625
2 0.42578125 0.090625 0.0359375 0.053125
2 0.49609375 0.0765625 0.0421875 0.04140625