2 0.89609375 0.6390625 0.16484375 0.22421875
2 0.95546875 0.1171875 0.084375 0.07265625
2 0.82578125 0.52265625 0.14140625 0.1734375
2 0.6203125 0.4078125 0.1078125 0.134375
2 0.07421875 0.68828125 0.14609375 0.35078125
2 0.590625 0.3078125 0.0953125 0.1578125
2 0.5890625 0.009375 0.03203125 0.01875
2 0.7046875 0.6609375 0.15703125 0.28125
2 0.096875 0.56328125 0.13828125 0.17890625
2 0.85625 0.109375 0.0390625 0.06484375
2 0.7859375 0.4296875 0.115625 0.15
2 0.940625 0.07421875 0.1015625 0.0609375
2 0.12890625 0.48515625 0.103125 0.13984375
2 0.27421875 0.69296875 0.1484375 0.296875
2 0.5 0.73046875 0.146875 0.2890625
2 0.46640625 0.51796875 0.1046875 0.1640625
2 0.303125 0.50703125 0.103125 0.096875
2 0.29609375 0.3984375 0.0921875 0.146875
2 0.47578125 0.39140625 0.1015625 0.128125
2 0.17421875 0.38046875 0.0765625 0.1
2 0.196875 0.31953125 0.075 0.071875
2 0.32265625 0.29140625 0.0734375 0.1
2 0.4515625 0.271875 0.071875 0.1
2 0.55234375 0.21640625 0.0609375 0.06640625
2 0.34375 0.2234375 0.0625 0.0859375
2 0.228125 0.21640625 0.071875 0.1
2 0.5359375 0.15 0.059375 0.06640625
2 0.4296875 0.1625 0.05 0.075
2 0.3453125 0.15390625 0.053125 0.06953125
2 0.25 0.1390625 0.05 0.05