2 0.61953125 0.3984375 0.1 0.13515625
2 0.7890625 0.41796875 0.11328125 0.1453125
2 0.83359375 0.5125 0.146875 0.175
2 0.075 0.70078125 0.14609375 0.29921875
2 0.89453125 0.63203125 0.18046875 0.22890625
2 0.95390625 0.09765625 0.0828125 0.06796875
2 0.17109375 0.403125 0.10234375 0.1234375
2 0.09765625 0.54765625 0.134375 0.17421875
2 0.59453125 0.29609375 0.0953125 0.14609375
2 0.2796875 0.6921875 0.14765625 0.29921875
2 0.2953125 0.034375 0.0375 0.04765625
2 0.709375 0.62109375 0.16796875 0.33359375
2 0.50703125 0.7234375 0.1359375 0.275
2 0.47265625 0.5015625 0.1078125 0.175
2 0.47578125 0.3765625 0.0921875 0.10859375
2 0.303125 0.390625 0.09375 0.1359375
2 0.19453125 0.30859375 0.0765625 0.071875
2 0.32578125 0.2734375 0.0765625 0.075
2 0.45703125 0.271875 0.0703125 0.09453125
2 0.55390625 0.203125 0.0671875 0.05546875
2 0.5421875 0.134375 0.0625 0.075
2 0.43515625 0.1484375 0.0515625 0.04140625
2 0.35 0.15 0.059375 0.0890625
2 0.23359375 0.20703125 0.0640625 0.096875
2 0.2453125 0.14296875 0.053125 0.0359375
2 0.27265625 0.10390625 0.0515625 0.053125