2 0.61875 0.4 0.10546875 0.14375
2 0.07734375 0.56640625 0.13984375 0.20234375
2 0.8125 0.4515625 0.13671875 0.1609375
2 0.13984375 0.4359375 0.10546875 0.1640625
2 0.58515625 0.28515625 0.096875 0.15859375
2 0.9265625 0.06015625 0.07578125 0.08671875
2 0.48046875 0.49609375 0.12890625 0.2203125
2 0.1796875 0.33359375 0.09296875 0.13046875
2 0.24375 0.80234375 0.1640625 0.28046875
2 0.27890625 0.44609375 0.1140625 0.2046875
2 0.978125 0.05625 0.04375 0.08359375
2 0.4625 0.68203125 0.1375 0.2859375
2 0.7390625 0.678125 0.1625 0.24453125
2 0.91640625 0.6140625 0.1671875 0.228125
2 0.44375 0.28203125 0.08125 0.1359375
2 0.31015625 0.290625 0.0796875 0.1359375
2 0.20859375 0.24609375 0.0546875 0.08046875
2 0.21875 0.16796875 0.059375 0.06953125
2 0.3359375 0.1875 0.065625 0.08046875
2 0.4296875 0.16640625 0.06875 0.078125
2 0.52734375 0.11953125 0.0671875 0.09453125
2 0.5453125 0.19296875 0.059375 0.075
2 0.428125 0.103125 0.059375 0.071875
2 0.3375 0.1140625 0.05625 0.078125
2 0.23984375 0.11640625 0.0609375 0.071875
2 0.2625 0.059375 0.046875 0.0640625
2 0.49296875 0.04453125 0.0484375 0.05546875