2 0.74609375 0.57578125 0.17734375 0.30859375
2 0.06875 0.5671875 0.1375 0.2265625
2 0.6078125 0.31328125 0.09296875 0.15703125
2 0.14765625 0.38046875 0.1015625 0.14296875
2 0.309375 0.32890625 0.09453125 0.165625
2 0.471875 0.590625 0.14453125 0.284375
2 0.4421875 0.296875 0.084375 0.1328125
2 0.2015625 0.18671875 0.090625 0.12734375
2 0.56171875 0.2296875 0.0734375 0.1171875
2 0.5453125 0.13046875 0.06875 0.115625
2 0.92734375 0.0328125 0.06953125 0.06484375
2 0.34296875 0.228125 0.06953125 0.10390625
2 0.26796875 0.5546875 0.14609375 0.2578125
2 0.2390625 0.109375 0.06953125 0.10390625
2 0.33828125 0.1109375 0.06953125 0.10703125
2 0.1875 0.28515625 0.090625 0.12109375
2 0.26484375 0.02890625 0.040625 0.04140625
2 0.43984375 0.1953125 0.07421875 0.10390625
1 0.30703125 0.0234375 0.059375 0.04609375
2 0.93125 0.37578125 0.03359375 0.01953125
2 0.37890625 0.32578125 0.05234375 0.08671875
2 0.52578125 0.06328125 0.06171875 0.0625
2 0.2015625 0.75859375 0.153125 0.26640625
2 0.43203125 0.10390625 0.0578125 0.08046875