2 0.06171875 0.565625 0.1234375 0.184375
2 0.43046875 0.453125 0.10859375 0.16796875
2 0.26015625 0.50703125 0.12109375 0.196875
2 0.2015625 0.15703125 0.06484375 0.1078125
2 0.3046875 0.3484375 0.084375 0.13828125
2 0.675 0.5421875 0.1359375 0.2390625
2 0.58828125 0.35703125 0.10390625 0.1609375
2 0.51171875 0.09921875 0.06484375 0.08203125
2 0.54921875 0.2078125 0.08125 0.13984375
2 0.4359375 0.2875 0.09375 0.1640625
2 0.12890625 0.36484375 0.11953125 0.1890625
2 0.178125 0.87890625 0.23828125 0.23828125
2 0.24375 0.034375 0.040625 0.04765625
2 0.31171875 0.16640625 0.07421875 0.13359375
2 0.41171875 0.0734375 0.04609375 0.04453125
2 0.46484375 0.88046875 0.19453125 0.2328125
2 0.22578125 0.090625 0.05859375 0.06953125
2 0.15703125 0.2515625 0.0796875 0.11171875
2 0.31875 0.08828125 0.05703125 0.0515625
2 0.4078125 0.17265625 0.075 0.1296875
2 0.47578125 0.03125 0.04765625 0.05390625
2 0.33046875 0.0296875 0.0546875 0.059375