2 0.19453125 0.08828125 0.0984375 0.1359375
2 0.7859375 0.39453125 0.15234375 0.23046875
2 0.0515625 0.56171875 0.10078125 0.33984375
2 0.50546875 0.06640625 0.090625 0.12734375
3 0.34453125 0.08671875 0.12265625 0.17265625
2 0.7171875 0.128125 0.1265625 0.25625
2 0.115625 0.23046875 0.12265625 0.2046875
2 0.32421875 0.39921875 0.14765625 0.24609375
2 0.60625 0.071875 0.1328125 0.14140625
2 0.24140625 0.7375 0.1984375 0.43984375
2 0.56015625 0.7375 0.2140625 0.4140625
2 0.540625 0.31796875 0.125 0.196875
2 0.9296875 0.8859375 0.13125 0.221875