2 0.53125 0.84609375 0.153125 0.25390625
2 0.19765625 0.52734375 0.103125 0.140625
2 0.71171875 0.35078125 0.07890625 0.10390625
2 0.2703125 0.31015625 0.07421875 0.08671875
2 0.69453125 0.5625 0.11015625 0.1546875
2 0.34140625 0.5921875 0.11171875 0.16796875
2 0.51171875 0.54140625 0.1078125 0.18671875
2 0.071875 0.859375 0.14375 0.28046875
2 0.57890625 0.25078125 0.059375 0.09375
2 0.9296875 0.28046875 0.065625 0.065625
2 0.35546875 0.43828125 0.1 0.140625
2 0.31171875 0.23828125 0.04765625 0.075
2 0.5109375 0.30390625 0.07265625 0.109375
2 0.79609375 0.18359375 0.05390625 0.0625
2 0.33046875 0.18203125 0.0421875 0.059375
2 0.50390625 0.396875 0.0734375 0.1140625
2 0.3921875 0.27578125 0.05703125 0.0890625
2 0.5828125 0.10859375 0.04921875 0.06328125
2 0.834375 0.14375 0.04609375 0.0640625
2 0.7125 0.103125 0.040625 0.0453125
2 0.36328125 0.34375 0.08125 0.06015625
2 0.5421875 0.17890625 0.0421875 0.05
2 0.47578125 0.19609375 0.0484375 0.07890625
2 0.81796875 0.09375 0.03203125 0.04375
2 0.3421875 0.13125 0.04609375 0.053125
2 0.9578125 0.1609375 0.05234375 0.0796875
2 0.534375 0.1203125 0.034375 0.0328125
2 0.3984375 0.215625 0.04375 0.0375
2 0.46171875 0.0828125 0.0328125 0.03515625
2 0.43046875 0.10546875 0.028125 0.03515625
3 0.6109375 0.3484375 0.13046875 0.10703125
2 0.84453125 0.2203125 0.04296875 0.06171875