3 0.08203125 0.75859375 0.1578125 0.28125
2 0.3015625 0.73515625 0.14296875 0.29140625
2 0.525 0.77890625 0.13984375 0.29296875
2 0.7328125 0.6921875 0.14765625 0.2640625
2 0.91875 0.66953125 0.14921875 0.21953125
2 0.84375 0.5234375 0.12734375 0.11171875
2 0.809375 0.43671875 0.11171875 0.09921875
2 0.63828125 0.4296875 0.09453125 0.109375
2 0.48828125 0.55078125 0.10390625 0.16640625
2 0.3296875 0.553125 0.10625 0.09296875
2 0.11640625 0.56953125 0.13515625 0.1078125
2 0.1578125 0.49140625 0.09296875 0.06875
2 0.196875 0.42578125 0.0828125 0.0875
2 0.2171875 0.3640625 0.07421875 0.0671875
2 0.321875 0.4359375 0.0953125 0.1390625
2 0.4953125 0.4234375 0.0984375 0.11171875
2 0.47890625 0.3296875 0.06953125 0.090625
2 0.61328125 0.3203125 0.09296875 0.11640625
2 0.575 0.25546875 0.05625 0.04609375
2 0.4625 0.24453125 0.06484375 0.06875
2 0.5609375 0.1859375 0.0609375 0.07578125
2 0.346875 0.32578125 0.08515625 0.0875
2 0.23671875 0.321875 0.0703125 0.05859375
2 0.25234375 0.2609375 0.06875 0.08046875
2 0.36640625 0.25859375 0.06015625 0.05859375
2 0.45390625 0.1921875 0.05078125 0.0390625
2 0.36796875 0.2 0.0625 0.0859375
2 0.25859375 0.2015625 0.05078125 0.04453125
2 0.27265625 0.17109375 0.04375 0.034375
2 0.2921875 0.14296875 0.0421875 0.0515625
3 0.37890625 0.0765625 0.05234375 0.08203125
2 0.459375 0.16171875 0.046875 0.0328125
2 0.52421875 0.10703125 0.0453125 0.04765625
2 0.44765625 0.11953125 0.04375 0.0546875
2 0.3765625 0.1421875 0.04921875 0.05