2 0.08046875 0.74921875 0.159375 0.2625
2 0.28671875 0.7265625 0.13984375 0.284375
2 0.51328125 0.76796875 0.14296875 0.2828125
2 0.72265625 0.68671875 0.1515625 0.2609375
2 0.909375 0.653125 0.15625 0.225
2 0.83515625 0.52578125 0.13515625 0.13359375
2 0.67890625 0.5203125 0.11015625 0.0859375
2 0.47578125 0.54609375 0.109375 0.1578125
2 0.31796875 0.55078125 0.10234375 0.09765625
2 0.10546875 0.5703125 0.13203125 0.1265625
2 0.1453125 0.48125 0.09609375 0.05859375
2 0.1890625 0.42265625 0.08671875 0.08203125
2 0.30703125 0.440625 0.1015625 0.121875
2 0.48203125 0.4203125 0.0984375 0.10078125
2 0.628125 0.42890625 0.1015625 0.11796875
2 0.7921875 0.4203125 0.10546875 0.0875
2 0.6015625 0.31171875 0.09375 0.11328125
2 0.46484375 0.3140625 0.07734375 0.10078125
2 0.56484375 0.24609375 0.05078125 0.04765625
2 0.5484375 0.18359375 0.05859375 0.07734375
2 0.45 0.23984375 0.0609375 0.0671875
2 0.35390625 0.2546875 0.05390625 0.06484375
2 0.20546875 0.3625 0.0765625 0.071875
2 0.22578125 0.31171875 0.06171875 0.0546875
2 0.24140625 0.25625 0.065625 0.07890625
2 0.2453125 0.20078125 0.053125 0.04296875
2 0.3546875 0.18828125 0.05625 0.08203125
2 0.44453125 0.17109375 0.0578125 0.07578125
2 0.5125 0.125 0.053125 0.04609375
2 0.4375 0.115625 0.04921875 0.04453125
2 0.36484375 0.140625 0.040625 0.0390625
2 0.2640625 0.1671875 0.0421875 0.0375
2 0.2796875 0.13671875 0.04609375 0.0515625
2 0.50859375 0.08671875 0.04140625 0.0375
3 0.36640625 0.06875 0.0578125 0.090625